#Valores de calibración de los canales
#Sat May 20 09:06:25 COT 2023
spanfi=10.871967592309293
offsetvd=21
spanpdTD=2.959058685542615
spanfd=11.199230847395196
URL=192.168.0.1
spanpi=19.4697928729148
spanvi=2
offsetfi=-3439.0488454898364
spanpdDI=2.303258685542615
spanpd=21.93127658266762
spanvd=3
offsetd=32.5309748111458
offsetfd=-30995.250998810734
cero_fuerzas=-8
spand=-0.01301586082067717
spanpdDD=5.886285542615
spanfdl=5.63766213382708
offsetpi=-3947.0005855620693
offsetvi=0
spanpdTI=2.959058685542615
offsetpd=-54888.313404542234
