  BITACORA DE LOS DATOS DE LA PRUEBA
El cero de desviacion es: 206.0
El span de desviacion es: 0.012781932880079576
El ancho de la placa de desviacion es: 1.0
206.31290000000004
208.2025
208.2057
208.22050000000002
208.23170000000005
208.25459999999995
208.2816
208.3091
208.33640000000003
208.36870000000002
208.3751
208.38060000000002
208.38419999999996
208.3727
208.3478
208.33529999999996
208.32410000000002
208.3033
208.3019
208.3201
208.31619999999998
208.3293
208.3393
208.3318
208.3204
208.3068
208.2674
208.2341
208.2026
208.1831
208.16560000000004
208.17
208.19140000000002
208.21389999999997
208.2593
208.30840000000003
208.3408
208.3866
208.4258
208.4531
208.4864
208.5171
208.5365
208.56410000000002
208.59609999999998
208.6368
208.65429999999998
208.69359999999998
208.71790000000004
208.7235
208.7312
208.71410000000003
208.67469999999997
208.6449
208.60339999999997
208.55659999999997
208.53730000000002
208.5138
208.5113
208.5171
208.52110000000002
208.52650000000003
208.53230000000002
208.5282
208.51499999999996
208.4948
208.47469999999998
208.4443
208.41749999999996
208.39790000000005
208.37609999999998
208.36409999999998
208.3681
208.38730000000004
208.4281
208.46210000000002
208.50629999999995
208.5447
208.5755
208.5808
208.5819
208.56159999999997
208.5325
208.51239999999996
208.514
208.52419999999998
208.47220000000002
208.48110000000003
208.40949999999998
208.28430000000003
208.11069999999998
207.904
207.7198
207.56109999999995
207.47389999999996
207.46429999999998
207.5544
207.714
207.90509999999998
208.1073
208.2916
208.39540000000002
208.42909999999998
208.4925
208.3757
208.3061
208.18079999999998
208.0144
207.84080000000003
207.6748
207.5496
207.48489999999998
207.4942
207.56820000000002
207.7125
207.90170000000003
208.1198
208.3319
208.54450000000003
208.69120000000004
208.7758
208.90349999999998
208.9396
208.9511
208.9456
208.92010000000002
208.87840000000003
208.8173
208.7596
208.714
208.6876
208.66719999999998
208.66540000000003
208.67660000000004
208.69369999999998
208.7007
208.7097
208.71000000000004
208.69809999999998
208.6849
208.6765
208.67400000000004
208.67399999999998
208.6765
208.6849
208.6981
208.71
208.71880000000002
208.72289999999998
208.72219999999996
208.72959999999998
208.7353
208.75650000000002
208.77350000000004
208.7964
208.82179999999997
208.8552
208.8916
208.91670000000005
208.9486
208.96969999999996
208.9984
209.005
209.01069999999999
209.0148
209.00719999999998
209.0021
208.9965
208.9913
208.96519999999998
208.96620000000004
208.9593
208.95819999999998
208.95019999999997
208.95869999999996
208.97330000000002
209.0012
209.0344
209.0683
209.1099
209.14419999999996
209.1658
209.194
209.19819999999996
209.1874
209.1849
209.1826
209.16759999999996
209.15550000000002
209.1516
209.1434
209.1189
209.0946
209.06130000000002
209.02380000000002
208.99190000000002
208.9797
208.96740000000003
208.98219999999995
209.0052
209.03270000000003
209.0644
209.0824
209.0969
209.09649999999996
209.09440000000004
209.0782
209.06860000000003
209.0541
209.059
209.0661
209.0873
209.1231
209.15550000000002
209.2052
209.2427
209.2582
209.27140000000003
209.2582
209.24290000000005
209.2241
209.20530000000002
209.21120000000002
209.2375
209.2673
209.33100000000002
209.39299999999997
209.44389999999999
209.49260000000004
209.532
209.5431
209.53740000000005
209.52480000000003
209.4946
209.45120000000003
209.42310000000003
209.3797
209.34040000000005
209.3238
209.31579999999997
209.31380000000004
209.33520000000001
209.37679999999997
209.41940000000002
209.47300000000004
209.52949999999996
209.5638
209.5834
209.59830000000002
209.5898
209.5723
209.5613
209.54200000000006
209.5304
209.53220000000005
209.54299999999998
209.54420000000002
209.53910000000005
209.5362
209.5231
209.51080000000002
209.4921
209.4701
209.45720000000006
209.4549
209.4416
209.44160000000002
209.45489999999998
209.4663
209.47410000000002
209.5035
209.537
209.55649999999997
209.58090000000004
209.60700000000006
209.62160000000003
209.62240000000003
209.61829999999998
209.61010000000005
209.58980000000003
209.56070000000003
209.5362
209.5199
209.4921
209.4792
209.4703
209.4703
209.4701
209.46990000000002
209.48229999999998
209.4701
209.4481
209.42360000000005
209.4002
209.35519999999997
209.29950000000002
209.26730000000003
209.2375
209.20139999999998
209.17770000000004
209.18290000000002
209.1901
209.19789999999998
209.22240000000002
209.26
209.30089999999998
209.3259
209.36660000000003
209.40419999999997
209.4327
209.4479
209.4608
209.48229999999998
209.4701
209.4481
209.43270000000004
209.40420000000003
209.3757
209.3388
209.32520000000005
209.31470000000002
209.31810000000002
209.3309
209.3644
209.4003
209.4426
209.4978
209.5581
209.6142
209.66720000000004
209.7177
209.7495
209.76649999999998
209.77570000000003
209.7625
209.7512
209.7309
209.71779999999998
209.71380000000002
209.71550000000005
209.71359999999999
209.72110000000004
209.72380000000004
209.72109999999998
209.70450000000005
209.70239999999995
209.68929999999997
209.67620000000002
209.6781
209.68220000000002
209.69680000000005
209.7196
209.738
209.7624
209.7887
209.80020000000005
209.8041
209.81330000000003
209.8132
209.8131
209.81300000000002
209.8262
209.8377
209.86400000000006
209.88819999999998
209.91990000000004
209.945
209.9636
209.97240000000002
209.9702
209.94430000000003
209.9079
209.86640000000003
209.8262
209.79340000000002
209.77320000000003
209.76850000000005
209.78920000000002
209.81920000000002
209.86710000000002
209.9125
209.9613
209.9969
210.02720000000002
210.04780000000002
210.05190000000002
210.04780000000002
210.0363
210.0191
209.9989
209.9695
209.94839999999996
209.9256
209.9045
209.8751
209.85490000000001
209.8377
209.8262
209.8221
209.83530000000005
209.85080000000002
209.87940000000006
209.9167
209.96640000000002
210.0077
210.0477
210.08030000000005
210.1138
210.1299
210.13560000000004
210.12990000000002
210.11380000000003
210.08940000000004
210.0608
210.03220000000002
210.00799999999998
209.9786
209.96149999999997
209.941
209.93299999999996
209.9125
209.89540000000002
209.8751
209.85490000000001
209.8377
209.8262
209.7766
209.7607
209.7152
209.64690000000004
209.4837
209.36700000000002
209.19549999999998
208.99550000000002
208.7963
208.6441
208.54680000000005
208.53840000000002
208.5974
208.7432
208.93789999999998
209.15290000000002
209.35460000000003
209.5798
209.72799999999998
209.82319999999999
209.851
209.92550000000003
209.9198
209.91680000000002
209.9167
209.91989999999998
209.92559999999997
209.93299999999996
209.9279
209.93699999999998
209.93699999999998
209.93699999999998
209.93699999999998
209.93699999999998
209.93699999999998
209.93699999999998
209.93699999999998
209.93699999999998
209.93699999999998
209.93699999999998
209.9279
209.92389999999997
209.9125
209.89540000000002
209.8751
209.85490000000001
209.8377
209.8262
209.8221
209.83530000000005
209.85080000000002
209.87940000000006
209.92579999999998
209.97040000000004
210.01909999999998
210.0739
210.11370000000002
210.15850000000003
210.1887
210.20900000000003
210.2161
210.209
210.1887
210.1585
210.12280000000004
210.08700000000002
210.05270000000004
210.0251
210.01220000000004
210.0031
210.01200000000003
210.0282
210.0454
210.06090000000003
210.0764
210.09850000000003
210.12040000000005
210.13880000000003
210.16430000000003
210.20200000000003
210.23350000000002
210.2759
210.31019999999998
210.3312
210.3483
210.359
210.358
210.34590000000003
210.34640000000002
210.35210000000004
210.37130000000002
210.40550000000002
210.44950000000003
210.4966
210.54280000000003
210.57219999999998
210.57640000000004
210.55460000000002
210.50080000000003
210.43620000000004
210.36190000000005
210.28880000000007
210.2241
210.17370000000003
210.14929999999998
