  BITACORA DE LOS DATOS DE LA PRUEBA DE PESO DERECHO DEL EJE TRASERO
el cero de peso derecho es: 1500.0
el span de peso derecho es: 15.0
1852
1852
1852
1852
1852
1852
1882
1882
1882
1882
1882
1882
1882
1897
1897
1897
1897
1897
1897
1897
1904
1904
1904
1904
1904
1904
1904
1908
1908
1908
1908
1908
1908
1908
1908
1012
1012
1012
1012
1012
1012
1012
1518
1518
1518
1518
1518
1518
1518
1771
1771
1771
1771
1771
1771
1771
1898
1898
1898
1898
1898
1898
1898
1961
1961
1961
1961
1961
1961
1961
1993
1993
1993
1993
1993
1993
1993
2009
2009
2009
2009
2009
2009
2009
2017
2017
2017
2017
2017
2017
2017
2021
2021
2021
2021
2021
2021
2021
2023
2023
2023
2023
2023
2023
2023
2024
2024
2024
2024
2024
2024
2024
2024
2024
2024
2024
2024
2024
2024
2024
2024
2024
2024
2024
2024
2024
2024
2024
2024
2024
2024
2024
2024
2024
2024
