  BITACORA DE LOS DATOS DE LA PRUEBA DE DESVIACION DEL EJE TRASERO
El cero de desviacion es: 206.0
El span de desviacion es: 0.012781932880079576
El ancho de la placa de desviacion es: 1.0
215.67840000000004
210.61010000000002
210.63000000000002
210.65360000000004
210.68250000000003
210.7088
210.74560000000002
210.79110000000003
210.82150000000004
210.84070000000003
210.84600000000006
210.8276
210.80580000000003
210.7835
210.75140000000005
210.70960000000005
210.67370000000003
210.61769999999999
210.58940000000004
210.558
210.55950000000004
210.55420000000007
210.57850000000005
210.6103
210.6625
210.7133
210.76440000000002
210.79030000000003
210.80070000000003
210.7977
210.78289999999998
210.78010000000003
210.78250000000003
210.76350000000005
210.76899999999998
210.77579999999998
210.80110000000002
210.8111
210.83580000000003
210.84060000000005
210.8674
210.90310000000005
210.9387
210.97400000000002
210.98680000000004
210.99169999999998
210.9829
210.98360000000002
210.95490000000007
210.91030000000003
210.88259999999997
210.85819999999998
210.8405
210.82810000000003
210.80930000000004
210.78680000000006
210.76770000000002
210.75050000000002
210.7468
210.76240000000007
210.76860000000002
210.79080000000002
210.8296
210.8702
210.9113
210.95200000000006
210.98630000000003
211.01840000000004
211.04780000000002
211.08720000000002
211.12679999999997
211.15630000000007
211.1671
211.16680000000002
211.15970000000002
211.14700000000005
211.12700000000004
211.10630000000003
211.09189999999998
211.08199999999997
211.07819999999998
211.0682
211.06240000000003
211.05220000000006
211.02980000000005
211.00640000000004
210.9897
210.96540000000002
210.95510000000002
210.93440000000004
210.9105
210.90330000000006
210.90090000000004
210.89080000000004
210.91000000000003
210.92990000000006
210.95660000000004
210.9985
211.04070000000002
211.07640000000004
211.10950000000003
211.13090000000003
211.1602
211.1712
211.19740000000007
211.2084
211.22480000000002
211.24389999999997
211.25080000000003
211.244
211.25950000000006
211.24660000000003
211.24260000000004
211.2259
211.2126
211.20409999999998
211.2023
211.19380000000004
211.18010000000004
211.16250000000002
211.148
211.1389
211.1423
211.14450000000005
211.15820000000002
211.1851
211.14320000000004
211.1373
211.06840000000005
210.92490000000004
210.74440000000004
210.56020000000004
210.3855
210.2478
210.1765
210.17140000000003
210.2315
210.37000000000003
210.52110000000005
210.67990000000003
210.82370000000003
210.91849999999997
210.9462
211.0301
211.02920000000003
211.0294
211.04710000000006
211.07070000000002
211.09290000000001
211.11559999999997
211.13540000000003
211.1586
211.1817
211.21420000000006
211.23450000000003
211.27500000000003
211.3299
211.38760000000002
211.44830000000002
211.50250000000005
211.54160000000002
211.55970000000002
211.5492
211.525
211.49570000000003
211.44900000000004
211.4009
211.37220000000005
211.3453
211.35000000000002
211.37260000000003
211.40580000000003
211.44430000000006
211.47310000000004
211.50469999999999
211.53449999999998
211.54490000000004
211.54340000000002
211.52650000000003
211.5138
211.50730000000001
211.50060000000002
211.49460000000005
211.50290000000004
211.50220000000002
211.5185
211.53640000000004
211.54960000000003
211.56490000000005
211.57130000000004
211.5843
211.6022
211.6054
211.61550000000003
211.61810000000003
211.6222
211.6399
211.65600000000003
211.6771
211.71320000000003
211.7459
211.7833
211.81980000000001
211.84580000000003
211.85720000000003
211.8523
211.8361
211.824
211.80110000000002
211.7799
211.7546
211.74190000000002
211.7305
211.7221
211.70890000000003
211.69680000000002
211.68710000000004
211.66830000000002
211.6561
211.63090000000003
211.61810000000003
212.02520000000004
212.20069999999998
212.73420000000002
213.5333
214.49000000000004
215.44
216.27270000000001
216.83180000000004
217.04330000000004
216.85790000000003
216.338
215.54760000000002
214.60690000000002
213.66010000000003
212.8705
212.3444
212.16440000000003
211.7636
211.77980000000002
211.79120000000003
211.78740000000005
211.77259999999998
211.76200000000003
211.73090000000002
211.69340000000003
211.6462
211.61329999999998
211.58630000000002
211.56560000000005
211.55420000000004
211.55380000000005
211.5514
211.57319999999999
211.59810000000002
211.63150000000002
211.66420000000002
211.6912
211.7214
211.7417
211.75790000000003
211.75440000000006
211.6809
211.6384
211.5419
211.4019
211.2483
211.10590000000002
210.99520000000004
210.92440000000002
210.917
210.9751
211.07600000000002
211.2134
211.36630000000002
211.5032
211.61880000000005
211.6831
211.69580000000002
211.73360000000002
211.71030000000002
211.684
211.66250000000002
211.64860000000002
211.63150000000002
211.6137
211.61100000000002
211.6019
211.60060000000001
211.60700000000003
211.60700000000003
211.60060000000001
211.6019
211.611
211.6228
211.64460000000003
211.67310000000003
211.7041
211.7459
211.79240000000001
211.83290000000002
211.87030000000004
211.89880000000005
211.91420000000002
211.9273
211.93640000000002
211.93640000000002
211.93640000000002
211.93640000000002
211.93640000000002
211.93640000000002
211.9182
211.9102
211.8874
211.85320000000002
211.8126
211.7631
211.7247
211.6903
211.6468
211.6267
211.60670000000002
211.5897
211.578
211.5741
211.57800000000003
211.57110000000003
211.58010000000002
211.6039
211.61300000000003
211.6239
211.6353
211.6455
211.66580000000005
211.68040000000002
211.6966
211.73780000000002
211.7722
211.8126
211.85320000000002
211.89650000000003
211.9233
211.9427
211.978
211.9983
212.01850000000002
212.03570000000002
212.0472
212.0513
212.0472
212.03570000000002
212.01850000000002
211.9983
211.97800000000004
211.96090000000004
211.93130000000002
211.9193
211.8965
211.8663
211.83710000000002
211.81380000000001
211.7997
211.79690000000002
211.8059
211.83470000000003
211.8749
211.92060000000004
211.97799999999998
212.0388
212.0933
212.13320000000004
212.1528
212.17520000000002
212.1712
212.1465
212.11780000000002
212.0804
212.0581
212.02870000000004
212.02300000000002
212.04180000000002
212.0693
212.10060000000001
212.13500000000002
212.15800000000002
212.1662
212.15800000000002
212.13500000000002
212.1097
212.0733
212.04410000000001
212.02700000000002
212.02450000000002
212.0367
212.03570000000002
212.0472
212.0513
212.0472
212.03570000000002
212.01850000000002
212.0074
212.00020000000004
211.99850000000004
212.0156
212.049
212.08950000000002
212.14000000000001
212.18410000000003
212.22820000000002
212.26560000000003
212.2905
212.2992
212.29049999999998
212.27470000000002
212.25040000000004
212.22170000000006
212.2061
212.19299999999998
212.1839
212.18390000000005
212.18410000000003
212.1843
212.1712
212.1465
212.11780000000002
212.0804
212.049
212.01560000000003
211.99850000000004
212.0002
212.0074
212.01850000000002
212.03570000000002
212.0472
212.0513
212.0472
212.03570000000002
212.01850000000002
211.9983
211.97800000000004
211.97000000000003
211.9626
211.97
211.9871
212.0205
212.0652
212.1149
212.17520000000002
212.23690000000002
212.29960000000003
212.35010000000003
212.39020000000002
212.41400000000002
212.43100000000004
212.43870000000004
212.4452
212.4455
212.42700000000005
212.41820000000007
212.42070000000004
212.417
212.40779999999998
212.3982
212.39360000000005
212.38530000000006
212.37460000000004
212.35920000000002
212.32829999999998
212.29010000000002
212.25420000000005
212.22640000000004
212.2069
212.195
212.19250000000005
212.21690000000004
212.2641
212.3012
212.3443
212.378
212.40090000000006
212.40960000000004
212.40290000000002
212.39079999999998
212.3493
212.31050000000005
212.27140000000006
212.24700000000004
212.21499999999997
212.2021
212.1883
212.19240000000005
212.2136
212.2322
212.2672
212.2917
212.32760000000005
212.36980000000003
212.4079
212.4365
212.45120000000003
212.46280000000004
212.46010000000004
212.45270000000002
212.4251
212.39440000000002
212.35620000000003
212.32920000000007
212.31760000000003
212.3062
212.3058
212.30740000000006
212.32770000000005
212.35430000000002
212.3793
212.3948
212.41160000000002
212.41820000000007
212.42700000000005
212.43640000000002
212.44119999999998
212.43640000000002
212.43610000000004
212.44040000000007
212.44920000000005
212.4609
212.47369999999998
212.48520000000002
212.49370000000005
212.49810000000008
