  BITACORA DE LOS DATOS DE LA PRUEBA DE PESO IZQUIERDO DEL EJE DELANTERO
el cero de peso izquierdo es: 58.0
el span de peso izquierdo es: 1.3000299575888201
505
582
582
582
582
582
582
582
639
639
639
639
639
639
639
679
679
679
679
679
679
679
708
708
708
708
708
708
708
728
728
728
728
728
728
728
728
695
695
695
695
695
695
695
1043
1043
1043
1043
1043
1043
1043
1216
1216
1216
1216
1216
1216
1216
1303
1303
1303
1303
1303
1303
1303
1346
1346
1346
1346
1346
1346
1346
1368
1368
1368
1368
1368
1368
1368
1379
1379
1379
1379
1379
1379
1379
1384
1384
1384
1384
1384
1384
1384
1388
1388
1388
1388
1388
1388
1388
1389
1389
1389
1389
1389
1389
1389
1389
1389
1389
1389
1389
1389
1389
1389
1389
1389
1389
1389
1389
1389
1389
1389
1389
1389
1389
1389
1389
1389
1389
1389
1389
1389
1389
1389
