  BITACORA DE LOS DATOS DE LA PRUEBA DE FUERZA VERTICAL DERECHA DEL EJE DELANTERO
>>> .******* VALORES RECOGIDOS EN BRUTO .<<<<<**** 
>>> .**** FACTOR AJUSTE: 1.28 ****
>> CANT. VALORES <<681
1386
1386
1393
1393
1394
1394
1392
1392
1388
1388
1384
1384
1379
1379
1368
1368
1365
1365
1360
1360
1355
1355
1348
1348
1341
1341
1333
1333
1325
1325
1316
1316
1308
1308
1300
1300
1289
1289
1280
1280
1272
1272
1263
1263
1253
1253
1244
1244
1234
1234
1224
1224
1215
1215
1206
1206
1197
1197
1188
1188
1178
1178
1168
1168
1158
1158
1148
1148
1137
1137
1126
1126
1116
1116
1105
1105
1094
1094
1084
1084
1073
1073
1062
1062
1051
1051
1040
1040
1030
1030
1019
1019
1007
1007
996
996
985
985
971
971
961
961
950
950
941
941
930
930
919
919
909
909
898
898
887
887
876
876
865
865
854
854
843
843
832
832
822
822
812
812
802
802
793
793
784
784
775
775
767
767
758
758
750
750
742
742
736
736
727
727
719
719
711
711
704
704
698
698
691
691
684
684
677
677
671
671
665
665
659
659
654
654
649
649
643
643
637
637
632
632
627
627
621
621
616
616
611
611
605
605
599
599
594
594
590
590
586
586
581
581
577
577
572
572
569
569
565
565
561
561
558
558
555
555
552
552
550
550
548
548
545
545
540
540
540
540
538
538
536
536
534
534
533
533
530
530
528
528
527
527
525
525
523
523
522
522
522
522
521
521
519
519
518
518
518
518
517
517
516
516
515
515
515
515
514
514
514
514
513
513
513
513
513
513
512
512
511
511
511
511
513
513
514
514
516
516
518
518
521
521
523
523
526
526
529
529
531
531
533
533
535
535
537
537
539
539
541
541
542
542
544
544
546
546
548
548
550
550
551
551
552
552
554
554
555
555
556
556
557
557
558
558
559
559
559
559
560
560
561
561
562
562
563
563
563
563
563
563
564
564
565
565
564
564
565
565
565
565
565
565
565
565
565
565
566
566
564
564
566
566
567
567
567
567
567
567
567
567
568
568
569
569
568
568
568
568
569
569
569
569
569
569
568
568
569
569
569
569
569
569
569
569
569
569
569
569
569
569
569
569
569
569
569
569
568
568
569
569
569
569
569
569
569
569
569
569
569
569
569
569
569
569
569
569
569
569
570
570
570
570
570
570
570
570
570
570
570
570
570
570
570
570
570
570
570
570
570
570
570
570
570
570
570
570
570
570
570
570
570
570
570
570
570
570
570
570
570
570
570
570
570
570
571
571
570
570
570
570
570
570
570
570
570
570
570
570
570
570
570
570
570
570
570
570
570
570
570
570
570
570
570
570
570
570
570
570
570
570
570
570
570
570
570
570
570
570
570
570
570
570
570
570
570
570
570
570
570
570
570
570
570
570
570
570
570
570
570
570
570
570
570
570
570
570
570
570
570
570
570
570
570
570
570
570
570
570
570
570
570
570
570
570
570
570
570
570
570
570
570
570
570
570
570
570
570
570
570
570
570
570
567
567
568
568
569
569
569
569
569
569
569
569
569
569
569
569
569
569
569
569
569
569
569
569
569
569
569
569
569
569
569
569
569
569
569
569
569
569
569
569
569
569
569
569
569
569
569
569
569
569
569
569
569
569
569
569
569
569
569
569
569
569
570
570
570
570
570
570
570
570
570
570
570
570
570
570
570
570
570
570
570
570
570
570
570
570
570
570
570
570
570
>>> FIN  DE ARCHIVO  DE VALORES BRUTO <<< 
>>> .******* VALORES RECOGIDOS ARMONIZAR .<<<<<**** 
>> CANT. VALORES <<681
1386
1386
1393
1393
1394
1394
1392
1392
1388
1388
1384
1384
1379
1379
1368
1368
1365
1365
1360
1360
1355
1355
1348
1348
1341
1341
1333
1333
1325
1325
1316
1316
1308
1308
1300
1300
1289
1289
1280
1280
1272
1272
1263
1263
1253
1253
1244
1244
1234
1234
1224
1224
1215
1215
1206
1206
1197
1197
1188
1188
1178
1178
1168
1168
1158
1158
1148
1148
1137
1137
1126
1126
1116
1116
1105
1105
1094
1094
1084
1084
1073
1073
1062
1062
1051
1051
1040
1040
1030
1030
1019
1019
1007
1007
996
996
985
985
971
971
961
961
950
950
941
941
930
930
919
919
909
909
898
898
887
887
876
876
865
865
854
854
843
843
832
832
822
822
812
812
802
802
793
793
784
784
775
775
767
767
758
758
750
750
742
742
736
736
727
727
719
719
711
711
704
704
698
698
691
691
684
684
677
677
671
671
665
665
659
659
654
654
649
649
643
643
637
637
632
632
627
627
621
621
616
616
611
611
605
605
599
599
594
594
590
590
586
586
581
581
577
577
572
572
569
569
565
565
561
561
558
558
555
555
552
552
550
550
548
548
545
545
540
540
540
540
538
538
536
536
534
534
533
533
530
530
528
528
527
527
525
525
523
523
522
522
522
522
521
521
519
519
518
518
518
518
517
517
516
516
515
515
515
515
514
514
514
514
513
513
513
513
513
513
512
512
511
511
511
511
513
513
514
514
516
516
518
518
521
521
523
523
526
526
529
529
531
531
533
533
535
535
537
537
539
539
541
541
542
542
544
544
546
546
548
548
550
550
551
551
552
552
554
554
555
555
556
556
557
557
558
558
559
559
559
559
560
560
561
561
562
562
563
563
563
563
563
563
564
564
565
565
564
564
565
565
565
565
565
565
565
565
565
565
566
566
564
564
566
566
567
567
567
567
567
567
567
567
568
568
569
569
568
568
568
568
569
569
569
569
569
569
568
568
569
569
569
569
569
569
569
569
569
569
569
569
569
569
569
569
569
569
569
569
568
568
569
569
569
569
569
569
569
569
569
569
569
569
569
569
569
569
569
569
569
569
570
570
570
570
570
570
570
570
570
570
570
570
570
570
570
570
570
570
570
570
570
570
570
570
570
570
570
570
570
570
570
570
570
570
570
570
570
570
570
570
570
570
570
570
570
570
571
571
570
570
570
570
570
570
570
570
570
570
570
570
570
570
570
570
570
570
570
570
570
570
570
570
570
570
570
570
570
570
570
570
570
570
570
570
570
570
570
570
570
570
570
570
570
570
570
570
570
570
570
570
570
570
570
570
570
570
570
570
570
570
570
570
570
570
570
570
570
570
570
570
570
570
570
570
570
570
570
570
570
570
570
570
570
570
570
570
570
570
570
570
570
570
570
570
570
570
570
570
570
570
570
570
570
570
567
567
568
568
569
569
569
569
569
569
569
569
569
569
569
569
569
569
569
569
569
569
569
569
569
569
569
569
569
569
569
569
569
569
569
569
569
569
569
569
569
569
569
569
569
569
569
569
569
569
569
569
569
569
569
569
569
569
569
569
569
569
570
570
570
570
570
570
570
570
570
570
570
570
570
570
570
570
570
570
570
570
570
570
570
570
570
570
570
570
570
>>> FIN  DE ARCHIVO DE VALORES ARMONIZADOS <<<<< 
TEST. -el cero de peso derecho es: 11.0
el span de peso derecho es: 1.283551401869159
1386
1386
1393
1393
1394
1394
1392
1392
1388
1388
1384
1384
1379
1379
1368
1368
1365
1365
1360
1360
1355
1355
1348
1348
1341
1341
1333
1333
1325
1325
1316
1316
1308
1308
1300
1300
1289
1289
1280
1280
1272
1272
1263
1263
1253
1253
1244
1244
1234
1234
1224
1224
1215
1215
1206
1206
1197
1197
1188
1188
1178
1178
1168
1168
1158
1158
1148
1148
1137
1137
1126
1126
1116
1116
1105
1105
1094
1094
1084
1084
1073
1073
1062
1062
1051
1051
1040
1040
1030
1030
1019
1019
1007
1007
996
996
985
985
971
971
961
961
950
950
941
941
930
930
919
919
909
909
898
898
887
887
876
876
865
865
854
854
843
843
832
832
822
822
812
812
802
802
793
793
784
784
775
775
767
767
758
758
750
750
742
742
736
736
727
727
719
719
711
711
704
704
698
698
691
691
684
684
677
677
671
671
665
665
659
659
654
654
649
649
643
643
637
637
632
632
627
627
621
621
616
616
611
611
605
605
599
599
594
594
590
590
586
586
581
581
577
577
572
572
569
569
565
565
561
561
558
558
555
555
552
552
550
550
548
548
545
545
540
540
540
540
538
538
536
536
534
534
533
533
530
530
528
528
527
527
525
525
523
523
522
522
522
522
521
521
519
519
518
518
518
518
517
517
516
516
515
515
515
515
514
514
514
514
513
513
513
513
513
513
512
512
511
511
511
511
513
513
514
514
516
516
518
518
521
521
523
523
526
526
529
529
531
531
533
533
535
535
537
537
539
539
541
541
542
542
544
544
546
546
548
548
550
550
551
551
552
552
554
554
555
555
556
556
557
557
558
558
559
559
559
559
560
560
561
561
562
562
563
563
563
563
563
563
564
564
565
565
564
564
565
565
565
565
565
565
565
565
565
565
566
566
564
564
566
566
567
567
567
567
567
567
567
567
568
568
569
569
568
568
568
568
569
569
569
569
569
569
568
568
569
569
569
569
569
569
569
569
569
569
569
569
569
569
569
569
569
569
569
569
568
568
569
569
569
569
569
569
569
569
569
569
569
569
569
569
569
569
569
569
569
569
570
570
570
570
570
570
570
570
570
570
570
570
570
570
570
570
570
570
570
570
570
570
570
570
570
570
570
570
570
570
570
570
570
570
570
570
570
570
570
570
570
570
570
570
570
570
571
571
570
570
570
570
570
570
570
570
570
570
570
570
570
570
570
570
570
570
570
570
570
570
570
570
570
570
570
570
570
570
570
570
570
570
570
570
570
570
570
570
570
570
570
570
570
570
570
570
570
570
570
570
570
570
570
570
570
570
570
570
570
570
570
570
570
570
570
570
570
570
570
570
570
570
570
570
570
570
570
570
570
570
570
570
570
570
570
570
570
570
570
570
570
570
570
570
570
570
570
570
570
570
570
570
570
570
567
567
568
568
569
569
569
569
569
569
569
569
569
569
569
569
569
569
569
569
569
569
569
569
569
569
569
569
569
569
569
569
569
569
569
569
569
569
569
569
569
569
569
569
569
569
569
569
569
569
569
569
569
569
569
569
569
569
569
569
569
569
570
570
570
570
570
570
570
570
570
570
570
570
570
570
570
570
570
570
570
570
570
570
570
570
570
570
570
570
570
>>>>>>>>>>Valor Minimo DEL EJE 1: 511.0
