  BITACORA DE LOS DATOS DE LA PRUEBA DE PESO IZQUIERDO DEL EJE TRASERO
el cero de peso izquierdo es: 58.0
el span de peso izquierdo es: 1.3000299575888201
1288
1331
1331
1331
1331
1331
1331
1331
1354
1354
1354
1354
1354
1354
1354
1364
1364
1364
1364
1364
1364
1364
1369
1369
1369
1369
1369
1369
1369
1372
1372
1372
1372
1372
1372
1372
1372
687
687
687
687
687
687
687
1030
1030
1030
1030
1030
1030
1030
1202
1202
1202
1202
1202
1202
1202
1290
1290
1290
1290
1290
1290
1290
1332
1332
1332
1332
1332
1332
1332
1353
1353
1353
1353
1353
1353
1353
1364
1364
1364
1364
1364
1364
1364
1369
1369
1369
1369
1369
1369
1369
1372
1372
1372
1372
1372
1372
1372
1373
1373
1373
1373
1373
1373
1373
1374
1374
1374
1374
1374
1374
1374
1376
1376
1376
1376
1376
1376
1376
1375
1375
1375
1375
1375
1375
1375
1376
1376
1376
1376
1376
1376
1376
1375
