#Valores de calibración de los canales
#Tue Aug 06 15:11:10 COT 2024
spanfi=10.871967592309293
offsetvd=21
spanpdTD=2.959058685542615
spanfd=11.199230847395196
URL=192.168.0.1
spanpi=19.4697928729148
spanvi=2
offsetfi=-3439.0488454898364
spanpdDI=2.303258685542615
spanpd=21.93127658266762
spanvd=3
offsetd=-19.842717451922862
offsetfd=-30995.250998810734
cero_fuerzas=-8
spand=0.012781932880079576
spanpdDD=5.886285542615
spanfdl=5.63766213382708
offsetpi=-3947.0005855620693
offsetvi=0
spanpdTI=2.959058685542615
offsetpd=-6510.126311907652
