1373
1373
1373
1373
1373
1373
1373
1396
1396
1396
1396
1396
1396
1396
1408
1408
1408
1408
1408
1408
1408
1414
1414
1414
1414
1414
1414
1414
1416
1416
1416
1416
1416
1416
1416
1416
709
709
709
709
709
709
709
1063
1063
1063
1063
1063
1063
1063
1240
1240
1240
1240
1240
1240
1240
1330
1330
1330
1330
1330
1330
1330
1375
1375
1375
1375
1375
1375
1375
1396
1396
1396
1396
1396
1396
1396
1408
1408
1408
1408
1408
1408
1408
1413
1413
1413
1413
1413
1413
1413
1415
1415
1415
1415
1415
1415
1415
1416
1416
1416
1416
1416
1416
1416
1417
1417
1417
1417
1417
1417
1417
1418
1418
1418
1418
1418
1418
1418
1416
1416
1416
1416
1416
1416
1416
1418
1418
1418
1418
1418
1418
1418
1418
1418
