 SERIAL DEL OPACIMETRO OPASTLC024;221213000483/EU19320/EU19323;9718846
	
-.** Prueba Aplicada a la Placa:  .-** GHN044.-** 
	
Fecha Generacion: 2025-1-30 Hora: 15:25
	
-.* Tabla de Valores Medida de Ciclo Nro 2.-* 	
-.* Diametro Exosto.-* 430.0 mm 	
Tmp Resp: 	 Opacidad RAW	 Opacidad Con Filtro BESEL	 Opacidad Con Correccion BerLambert 	 Densidad de Humo 
	
0	0.1	2.0E-4	2.3626369342055753E-4	5.4945109889223555E-6	
0.02	0.1	0.0011	0.0012994492535667312	3.0219946429806636E-5	
0.04	0.1	0.0028	0.0033076839111800815	7.692415386629488E-5	
0.06	0.1	0.0051	0.006024697418260949	1.4011346303361544E-4	
0.08	0.1	0.0079	0.009332350741386719	2.170415402868161E-4	
0.1	0.1	0.0111	0.013112505403722885	3.04961980648169E-4	
0.12	0.1	0.0146	0.01724702444896309	4.011281841687637E-4	
0.14	0.1	0.0183	0.021617773191162648	5.027932597339322E-4	
0.16	0.1	0.0221	0.02610661975034345	6.072099563148211E-4	
0.18	0.1	0.0259	0.030595435374147772	7.116306216826839E-4	
0.2	0.1	0.0297	0.03508422006160972	8.160552561391565E-4	
0.22	0.1	0.0335	0.03957297381176339	9.204838599859111E-4	
0.24	0.1	0.0372	0.043943572735527514	0.0010221681570451219	
0.26	0.1	0.0408	0.048196019210233754	0.001121107842434169	
0.28	0.1	0.0443	0.0523303155491206	0.001217302619475413	
0.3	0.1	0.0476	0.05622834234153551	0.0013080036372608184	
0.32	0.1	0.0507	0.05989010382948523	0.0013932103515324752	
0.34	0.1	0.0536	0.063315603998082	0.0014729222509637626	
0.36	0.1	0.0563	0.06650484657549915	0.0015471388571693025	
0.38	0.1	0.0588	0.06945783503290448	0.0016158597247136856	
0.4	0.1	0.0612	0.07229269135125005	0.0016818333748405874	
0.42	0.1	0.0634	0.07489129879939549	0.0017423106126020478	
0.44	0.1	0.0655	0.0773717780512162	0.001800040126968253	
0.46	0.1	0.0674	0.07961601304005139	0.0018522726376710992	
0.48	0.1	0.0692	0.08174212326126362	0.0019017569849323372	
0.5	0.1	0.0709	0.08375010987202725	0.0019484930202291687	
0.52	0.1	0.0725	0.08563997396531242	0.001992480603283204	
0.54	0.1	0.074	0.08741171656977409	0.002033719602059384	
0.56	0.1	0.0754	0.08906533864981858	0.0020722098927689514	
0.58	0.1	0.0767	0.09060084110553701	0.0021079513598692306	
0.6	0.1	0.0779	0.09201822477280519	0.0021409438960671924	
0.62	0.1	0.079	0.09331749042317261	0.0021711874023180263	
0.64	0.1	0.08	0.09449863876390685	0.002198681787827237	
0.66	0.1	0.0809	0.09556167043799357	0.0022234269700516203	
0.68	0.1	0.0817	0.09650658602414763	0.0022454228747004106	
0.7	0.1	0.0824	0.09733338603675756	0.002264669435734784	
0.72	0.1	0.083	0.09804207092590778	0.0022811665953690902	
0.74	0.1	0.0835	0.09863264107744518	0.0022949143040730175	
0.76	0.1	0.0839	0.09910509681285706	0.0023059125205692897	
0.78	0.1	0.0842	0.09945943838934879	0.002314161211835912	
0.8	0.1	0.0845	0.09981377977293926	0.0023224099278696714	
0.82	0.1	0.0847	0.10005000725483715	0.0023279090856518914	
0.84	0.1	0.0849	0.10028623465098141	0.0023334082544413863	
0.86	0.1	0.0851	0.10052246196139425	0.0023389074342387204	
0.88	0.1	0.0853	0.10075868918606457	0.0023444066250436824	
0.9	0.1	0.0855	0.10099491632501456	0.0023499058268568376	
0.92	0.1	0.0857	0.10123114337819983	0.0023554050396771982	
0.94	0.1	0.0859	0.10146737034567588	0.002360904263506104	
0.96	0.1	0.0861	0.1017035972273872	0.002366403498342311	
0.98	0.1	0.0862	0.10182171063609635	0.0023691531198885224	
1	0.1	0.0863	0.1019398240233671	0.0023719027441866406	
1.02	0.1	0.0864	0.10205793738921054	0.0023746523712369315	
1.04	0.1	0.0865	0.10217605073361558	0.0023774020010391412	
1.06	0.1	0.0866	0.1022941640565933	0.002380151633593535	
1.08	0.1	0.0867	0.10241227735812153	0.002382901268899601	
1.1	0.1	0.0868	0.10253039063822245	0.0023856509069578634	
1.12	0.1	0.0869	0.10264850389689606	0.002388400547768327	
1.14	0.1	0.087	0.10276661713413127	0.002391150191330739	
1.16	0.1	0.0871	0.10288473034991696	0.002393899837644848	
1.18	0.1	0.0872	0.10300284354427536	0.0023966494867111755	
1.2	0.1	0.0873	0.10312095671720645	0.002399399138529729	
1.22	0.1	0.0874	0.10323906986871023	0.002402148793100513	
1.24	0.1	0.0875	0.1033571829987534	0.002404898450422759	
1.26	0.1	0.0876	0.10347529610738038	0.002407648110497506	
1.28	0.1	0.0876	0.10347529610738038	0.002407648110497506	
1.3	0.1	0.0876	0.10347529610738038	0.002407648110497506	
1.32	0.1	0.0876	0.10347529610738038	0.002407648110497506	
1.34	0.1	0.0876	0.10347529610738038	0.002407648110497506	
1.36	0.1	0.0876	0.10347529610738038	0.002407648110497506	
1.38	0.1	0.0876	0.10347529610738038	0.002407648110497506	
1.4	0.1	0.0876	0.10347529610738038	0.002407648110497506	
1.42	0.1	0.0876	0.10347529610738038	0.002407648110497506	
1.44	0.1	0.0876	0.10347529610738038	0.002407648110497506	
1.46	0.1	0.0876	0.10347529610738038	0.002407648110497506	
1.48	0.1	0.0876	0.10347529610738038	0.002407648110497506	
1.5	0.1	0.0876	0.10347529610738038	0.002407648110497506	
1.52	0.1	0.0876	0.10347529610738038	0.002407648110497506	
1.54	0.1	0.0876	0.10347529610738038	0.002407648110497506	
1.56	0.1	0.0876	0.10347529610738038	0.002407648110497506	
1.58	0.1	0.0876	0.10347529610738038	0.002407648110497506	
1.6	0.1	0.0876	0.10347529610738038	0.002407648110497506	
1.62	0.1	0.0876	0.10347529610738038	0.002407648110497506	
1.64	0.1	0.0876	0.10347529610738038	0.002407648110497506	
1.66	0.1	0.0876	0.10347529610738038	0.002407648110497506	
1.68	0.1	0.0876	0.10347529610738038	0.002407648110497506	
1.7	0.1	0.0876	0.10347529610738038	0.002407648110497506	
1.72	0.1	0.0876	0.10347529610738038	0.002407648110497506	
1.74	0.1	0.0876	0.10347529610738038	0.002407648110497506	
1.76	0.1	0.0876	0.10347529610738038	0.002407648110497506	
1.78	0.1	0.0876	0.10347529610738038	0.002407648110497506	
1.8	0.1	0.0876	0.10347529610738038	0.002407648110497506	
1.82	0.1	0.0876	0.10347529610738038	0.002407648110497506	
1.84	0.1	0.0876	0.10347529610738038	0.002407648110497506	
1.86	0.1	0.0876	0.10347529610738038	0.002407648110497506	
1.88	0.1	0.0876	0.10347529610738038	0.002407648110497506	
1.9	0.1	0.0876	0.10347529610738038	0.002407648110497506	
1.92	0.1	0.0876	0.10347529610738038	0.002407648110497506	
1.94	0.1	0.0876	0.10347529610738038	0.002407648110497506	
1.96	0.1	0.0876	0.10347529610738038	0.002407648110497506	
1.98	0.1	0.0876	0.10347529610738038	0.002407648110497506	
2	0.1	0.0876	0.10347529610738038	0.002407648110497506	
2.02	0.1	0.0876	0.10347529610738038	0.002407648110497506	
2.04	0.1	0.0876	0.10347529610738038	0.002407648110497506	
2.06	0.1	0.0876	0.10347529610738038	0.002407648110497506	
2.08	0.1	0.0876	0.10347529610738038	0.002407648110497506	
2.1	0.1	0.0876	0.10347529610738038	0.002407648110497506	
2.12	0.1	0.0876	0.10347529610738038	0.002407648110497506	
2.14	0.1	0.0876	0.10347529610738038	0.002407648110497506	
2.16	0.1	0.0876	0.10347529610738038	0.002407648110497506	
2.18	0.1	0.0876	0.10347529610738038	0.002407648110497506	
2.2	0.1	0.0876	0.10347529610738038	0.002407648110497506	
2.22	0.1	0.0876	0.10347529610738038	0.002407648110497506	
2.24	0.1	0.0876	0.10347529610738038	0.002407648110497506	
2.26	0.1	0.0876	0.10347529610738038	0.002407648110497506	
2.28	0.1	0.0876	0.10347529610738038	0.002407648110497506	
2.3	0.1	0.0876	0.10347529610738038	0.002407648110497506	
2.32	0.1	0.0876	0.10347529610738038	0.002407648110497506	
2.34	0.1	0.0876	0.10347529610738038	0.002407648110497506	
2.36	0.1	0.0876	0.10347529610738038	0.002407648110497506	
2.38	0.1	0.0876	0.10347529610738038	0.002407648110497506	
2.4	0.1	0.0876	0.10347529610738038	0.002407648110497506	
2.42	0.1	0.0876	0.10347529610738038	0.002407648110497506	
2.44	0.1	0.0876	0.10347529610738038	0.002407648110497506	
2.46	0.1	0.0876	0.10347529610738038	0.002407648110497506	
2.48	0.1	0.0876	0.10347529610738038	0.002407648110497506	
2.5	0.1	0.0876	0.10347529610738038	0.002407648110497506	
2.52	0.1	0.0876	0.10347529610738038	0.002407648110497506	
2.54	0.1	0.0876	0.10347529610738038	0.002407648110497506	
2.56	0.1	0.0876	0.10347529610738038	0.002407648110497506	
2.58	0.1	0.0876	0.10347529610738038	0.002407648110497506	
2.6	0.1	0.0876	0.10347529610738038	0.002407648110497506	
2.62	0.1	0.0876	0.10347529610738038	0.002407648110497506	
2.64	0.1	0.0876	0.10347529610738038	0.002407648110497506	
2.66	0.1	0.0876	0.10347529610738038	0.002407648110497506	
2.68	0.1	0.0876	0.10347529610738038	0.002407648110497506	
2.7	0.1	0.0876	0.10347529610738038	0.002407648110497506	
2.72	0.1	0.0876	0.10347529610738038	0.002407648110497506	
2.74	0.1	0.0876	0.10347529610738038	0.002407648110497506	
2.76	0.1	0.0876	0.10347529610738038	0.002407648110497506	
2.78	0.1	0.0876	0.10347529610738038	0.002407648110497506	
2.8	0.1	0.0876	0.10347529610738038	0.002407648110497506	
2.82	0.1	0.0876	0.10347529610738038	0.002407648110497506	
2.84	0.1	0.0876	0.10347529610738038	0.002407648110497506	
2.86	0.1	0.0876	0.10347529610738038	0.002407648110497506	
2.88	0.1	0.0876	0.10347529610738038	0.002407648110497506	
2.9	0.1	0.0876	0.10347529610738038	0.002407648110497506	
2.92	0.1	0.0876	0.10347529610738038	0.002407648110497506	
2.94	0.1	0.0876	0.10347529610738038	0.002407648110497506	
2.96	0.1	0.0876	0.10347529610738038	0.002407648110497506	
2.98	0.1	0.0876	0.10347529610738038	0.002407648110497506	
3	0.1	0.0876	0.10347529610738038	0.002407648110497506	
3.02	0.1	0.0876	0.10347529610738038	0.002407648110497506	
3.04	0.1	0.0876	0.10347529610738038	0.002407648110497506	
3.06	0.1	0.0876	0.10347529610738038	0.002407648110497506	
3.08	0.1	0.0876	0.10347529610738038	0.002407648110497506	
3.1	0.1	0.0876	0.10347529610738038	0.002407648110497506	
3.12	0.1	0.0876	0.10347529610738038	0.002407648110497506	
3.14	0.1	0.0876	0.10347529610738038	0.002407648110497506	
3.16	0.1	0.0876	0.10347529610738038	0.002407648110497506	
3.18	0.1	0.0876	0.10347529610738038	0.002407648110497506	
3.2	0.1	0.0876	0.10347529610738038	0.002407648110497506	
3.22	0.1	0.0876	0.10347529610738038	0.002407648110497506	
3.24	0.1	0.0876	0.10347529610738038	0.002407648110497506	
3.26	0.1	0.0876	0.10347529610738038	0.002407648110497506	
3.28	0.1	0.0876	0.10347529610738038	0.002407648110497506	
3.3	0.1	0.0876	0.10347529610738038	0.002407648110497506	
3.32	0.1	0.0876	0.10347529610738038	0.002407648110497506	
3.34	0.1	0.0876	0.10347529610738038	0.002407648110497506	
3.36	0.1	0.0876	0.10347529610738038	0.002407648110497506	
3.38	0.1	0.0876	0.10347529610738038	0.002407648110497506	
3.4	0.1	0.0876	0.10347529610738038	0.002407648110497506	
3.42	0.1	0.0876	0.10347529610738038	0.002407648110497506	
3.44	0.1	0.0876	0.10347529610738038	0.002407648110497506	
3.46	0.1	0.0876	0.10347529610738038	0.002407648110497506	
3.48	0.1	0.0876	0.10347529610738038	0.002407648110497506	
3.5	0.1	0.0876	0.10347529610738038	0.002407648110497506	
3.52	0.1	0.0876	0.10347529610738038	0.002407648110497506	
3.54	0.1	0.0876	0.10347529610738038	0.002407648110497506	
3.56	0.1	0.0876	0.10347529610738038	0.002407648110497506	
3.58	0.1	0.0876	0.10347529610738038	0.002407648110497506	
3.6	0.1	0.0876	0.10347529610738038	0.002407648110497506	
3.62	0.1	0.0876	0.10347529610738038	0.002407648110497506	
3.64	0.1	0.0876	0.10347529610738038	0.002407648110497506	
3.66	0.1	0.0876	0.10347529610738038	0.002407648110497506	
3.68	0.1	0.0876	0.10347529610738038	0.002407648110497506	
3.7	0.1	0.0876	0.10347529610738038	0.002407648110497506	
3.72	0.1	0.0876	0.10347529610738038	0.002407648110497506	
3.74	0.1	0.0876	0.10347529610738038	0.002407648110497506	
3.76	0.1	0.0876	0.10347529610738038	0.002407648110497506	
3.78	0.1	0.0876	0.10347529610738038	0.002407648110497506	
3.8	0.1	0.0876	0.10347529610738038	0.002407648110497506	
3.82	0.1	0.0876	0.10347529610738038	0.002407648110497506	
3.84	0.1	0.0876	0.10347529610738038	0.002407648110497506	
3.86	0.1	0.0876	0.10347529610738038	0.002407648110497506	
3.88	0.1	0.0876	0.10347529610738038	0.002407648110497506	
3.9	0.1	0.0876	0.10347529610738038	0.002407648110497506	
3.92	0.1	0.0876	0.10347529610738038	0.002407648110497506	
3.94	0.1	0.0876	0.10347529610738038	0.002407648110497506	
3.96	0.1	0.0876	0.10347529610738038	0.002407648110497506	
3.98	0.1	0.0876	0.10347529610738038	0.002407648110497506	
4	0.1	0.0876	0.10347529610738038	0.002407648110497506	
4.02	0.1	0.0876	0.10347529610738038	0.002407648110497506	
4.04	0.1	0.0876	0.10347529610738038	0.002407648110497506	
4.06	0.1	0.0876	0.10347529610738038	0.002407648110497506	
4.08	0.1	0.0876	0.10347529610738038	0.002407648110497506	
4.1	0.1	0.0876	0.10347529610738038	0.002407648110497506	
4.12	0.1	0.0876	0.10347529610738038	0.002407648110497506	
4.14	0.1	0.0876	0.10347529610738038	0.002407648110497506	
4.16	0.1	0.0876	0.10347529610738038	0.002407648110497506	
4.18	0.1	0.0876	0.10347529610738038	0.002407648110497506	
4.2	0.1	0.0876	0.10347529610738038	0.002407648110497506	
4.22	0.1	0.0876	0.10347529610738038	0.002407648110497506	
4.24	0.1	0.0876	0.10347529610738038	0.002407648110497506	
4.26	0.1	0.0876	0.10347529610738038	0.002407648110497506	
4.28	0.1	0.0876	0.10347529610738038	0.002407648110497506	
4.3	0.1	0.0876	0.10347529610738038	0.002407648110497506	
4.32	0.1	0.0876	0.10347529610738038	0.002407648110497506	
4.34	0.1	0.0876	0.10347529610738038	0.002407648110497506	
4.36	0.1	0.0876	0.10347529610738038	0.002407648110497506	
4.38	0.1	0.0876	0.10347529610738038	0.002407648110497506	
4.4	0.1	0.0876	0.10347529610738038	0.002407648110497506	
4.42	0.1	0.0876	0.10347529610738038	0.002407648110497506	
4.44	0.1	0.0876	0.10347529610738038	0.002407648110497506	
4.46	0.1	0.0876	0.10347529610738038	0.002407648110497506	
4.48	0.1	0.0876	0.10347529610738038	0.002407648110497506	
4.5	0.1	0.0876	0.10347529610738038	0.002407648110497506	
4.52	0.1	0.0876	0.10347529610738038	0.002407648110497506	
4.54	0.1	0.0876	0.10347529610738038	0.002407648110497506	
4.56	0.1	0.0876	0.10347529610738038	0.002407648110497506	
4.58	0.1	0.0876	0.10347529610738038	0.002407648110497506	
4.6	0.1	0.0876	0.10347529610738038	0.002407648110497506	
4.62	0.1	0.0876	0.10347529610738038	0.002407648110497506	
4.64	0.1	0.0876	0.10347529610738038	0.002407648110497506	
4.66	0.1	0.0876	0.10347529610738038	0.002407648110497506	
4.68	0.1	0.0876	0.10347529610738038	0.002407648110497506	
4.7	0.1	0.0876	0.10347529610738038	0.002407648110497506	
4.72	0.1	0.0876	0.10347529610738038	0.002407648110497506	
4.74	0.1	0.0876	0.10347529610738038	0.002407648110497506	
4.76	0.1	0.0876	0.10347529610738038	0.002407648110497506	
4.78	0.1	0.0876	0.10347529610738038	0.002407648110497506	
4.8	0.1	0.0876	0.10347529610738038	0.002407648110497506	
4.82	0.1	0.0876	0.10347529610738038	0.002407648110497506	
4.84	0.1	0.0876	0.10347529610738038	0.002407648110497506	
4.86	0.1	0.0876	0.10347529610738038	0.002407648110497506	
4.88	0.1	0.0876	0.10347529610738038	0.002407648110497506	
4.9	0.1	0.0876	0.10347529610738038	0.002407648110497506	
4.92	0.1	0.0876	0.10347529610738038	0.002407648110497506	
4.94	0.1	0.0876	0.10347529610738038	0.002407648110497506	
4.96	0.1	0.0876	0.10347529610738038	0.002407648110497506	
4.98	0.1	0.0876	0.10347529610738038	0.002407648110497506	
5	0.1	0.0876	0.10347529610738038	0.002407648110497506	
5.02	0.1	0.0876	0.10347529610738038	0.002407648110497506	
5.04	0.1	0.0876	0.10347529610738038	0.002407648110497506	
5.06	0.1	0.0876	0.10347529610738038	0.002407648110497506	
5.08	0.1	0.0876	0.10347529610738038	0.002407648110497506	
5.1	0.1	0.0876	0.10347529610738038	0.002407648110497506	
5.12	0.1	0.0876	0.10347529610738038	0.002407648110497506	
5.14	0.1	0.0876	0.10347529610738038	0.002407648110497506	
5.16	0.1	0.0876	0.10347529610738038	0.002407648110497506	
5.18	0.1	0.0876	0.10347529610738038	0.002407648110497506	
5.2	0.1	0.0876	0.10347529610738038	0.002407648110497506	
5.22	0.1	0.0876	0.10347529610738038	0.002407648110497506	
5.24	0.1	0.0876	0.10347529610738038	0.002407648110497506	
5.26	0.1	0.0876	0.10347529610738038	0.002407648110497506	
5.28	0.1	0.0876	0.10347529610738038	0.002407648110497506	
5.3	0.1	0.0876	0.10347529610738038	0.002407648110497506	
5.32	0.1	0.0876	0.10347529610738038	0.002407648110497506	
5.34	0.1	0.0876	0.10347529610738038	0.002407648110497506	
5.36	0.1	0.0876	0.10347529610738038	0.002407648110497506	
5.38	0.1	0.0876	0.10347529610738038	0.002407648110497506	
5.4	0.1	0.0876	0.10347529610738038	0.002407648110497506	
5.42	0.1	0.0876	0.10347529610738038	0.002407648110497506	
5.44	0.1	0.0876	0.10347529610738038	0.002407648110497506	
5.46	0.1	0.0876	0.10347529610738038	0.002407648110497506	
5.48	0.1	0.0876	0.10347529610738038	0.002407648110497506	
5.5	0.1	0.0876	0.10347529610738038	0.002407648110497506	
5.52	0.1	0.0876	0.10347529610738038	0.002407648110497506	
5.54	0.1	0.0876	0.10347529610738038	0.002407648110497506	
5.56	0.1	0.0876	0.10347529610738038	0.002407648110497506	
5.58	0.1	0.0876	0.10347529610738038	0.002407648110497506	
5.6	0.1	0.0876	0.10347529610738038	0.002407648110497506	
5.62	0.1	0.0876	0.10347529610738038	0.002407648110497506	
5.64	0.1	0.0876	0.10347529610738038	0.002407648110497506	
5.66	0.1	0.0876	0.10347529610738038	0.002407648110497506	
5.68	0.1	0.0876	0.10347529610738038	0.002407648110497506	
5.7	0.1	0.0876	0.10347529610738038	0.002407648110497506	
5.72	0.1	0.0876	0.10347529610738038	0.002407648110497506	
5.74	0.1	0.0876	0.10347529610738038	0.002407648110497506	
5.76	0.1	0.0876	0.10347529610738038	0.002407648110497506	
5.78	0.1	0.0876	0.10347529610738038	0.002407648110497506	
5.8	0.1	0.0876	0.10347529610738038	0.002407648110497506	
5.82	0.1	0.0876	0.10347529610738038	0.002407648110497506	
5.84	0.1	0.0876	0.10347529610738038	0.002407648110497506	
5.86	0.1	0.0876	0.10347529610738038	0.002407648110497506	
5.88	0.1	0.0876	0.10347529610738038	0.002407648110497506	
5.9	0.1	0.0876	0.10347529610738038	0.002407648110497506	
5.92	0.1	0.0876	0.10347529610738038	0.002407648110497506	
5.94	0.1	0.0876	0.10347529610738038	0.002407648110497506	
5.96	0.1	0.0876	0.10347529610738038	0.002407648110497506	
5.98	0.1	0.0876	0.10347529610738038	0.002407648110497506	
6	0.1	0.0876	0.10347529610738038	0.002407648110497506	
6.02	0.1	0.0876	0.10347529610738038	0.002407648110497506	
6.04	0.1	0.0876	0.10347529610738038	0.002407648110497506	
6.06	0.1	0.0876	0.10347529610738038	0.002407648110497506	
6.08	0.1	0.0876	0.10347529610738038	0.002407648110497506	
6.1	0.1	0.0876	0.10347529610738038	0.002407648110497506	
6.12	0.1	0.0876	0.10347529610738038	0.002407648110497506	
6.14	0.3	0.088	0.1039477483275264	0.0024186467783169742	
6.16	0.1	0.0892	0.1053651029301883	0.0024516430459774773	
6.18	0.1	0.0906	0.10701867939876264	0.0024901391924753782	
6.2	0.1	0.0917	0.10831791510527156	0.0025203865431555456	
6.22	0.1	0.0925	0.10926281217180644	0.0025423848255516543	
6.24	0.1	0.0931	0.10997148407142499	0.0025588836529473824	
6.26	0.1	0.0935	0.11044393157577659	0.002569882926258387	
6.28	0.1	0.0937	0.1106801551993275	0.002575382579428032	
6.3	0.1	0.0938	0.110798266978962	0.0025781324101417664	
6.32	0.1	0.0938	0.110798266978962	0.0025781324101417664	
6.34	0.1	0.0937	0.1106801551993275	0.002575382579428032	
6.36	0.1	0.0935	0.11044393157577659	0.002569882926258387	
6.38	0.1	0.0932	0.11008959597966772	0.0025616334671465803	
6.4	0.1	0.0929	0.1097352601906243	0.0025533840328059282	
6.42	0.1	0.0926	0.10938092420866852	0.002545134623236788	
6.44	0.1	0.0923	0.10902658803378928	0.0025368852384387405	
6.46	0.1	0.092	0.1086722516659977	0.0025286358784118858	
6.48	0.1	0.0917	0.10831791510527156	0.0025203865431555456	
6.5	0.1	0.0914	0.10796357835163306	0.002512137232670078	
6.52	0.1	0.0911	0.10760924140507111	0.0025038879469550645	
6.54	0.1	0.0908	0.1072549042655968	0.002495638686010604	
6.56	0.1	0.0905	0.10690056693319905	0.002487389449836278	
6.58	0.1	0.0902	0.10654622940786673	0.0024791402384316684	
6.6	0.1	0.0899	0.10619189168964427	0.002470891051797649	
6.62	0.1	0.0896	0.10583755377848725	0.0024626418899330264	
6.64	0.1	0.0893	0.10548321567441787	0.0024543927528381574	
6.66	0.1	0.089	0.10512887737742505	0.0024461436405126243	
6.68	0.1	0.0887	0.10477453888751986	0.0024378945529565255	
6.7	0.1	0.0884	0.10442020020470233	0.0024296454901697006	
6.72	0.1	0.0881	0.10406586132897244	0.0024213964521519905	
6.74	0.1	0.0878	0.1037115222603302	0.002413147438903236	
6.76	0.1	0.0875	0.1033571829987534	0.002404898450422759	
6.78	0.1	0.0872	0.10300284354427536	0.0023966494867111755	
6.8	0.3	0.0874	0.10323906986871023	0.002402148793100513	
6.82	0.1	0.0885	0.10453831312041695	0.0024323951750133493	
6.84	0.1	0.0898	0.10607377907402293	0.0024681413284238173	
6.86	0.1	0.0908	0.1072549042655968	0.002495638686010604	
6.88	0.1	0.0916	0.10819980287549713	0.002517636770241498	
6.9	0.1	0.0922	0.1089084759326231	0.0025341354490106887	
6.92	0.1	0.0926	0.10938092420866852	0.002545134623236788	
6.94	0.1	0.0928	0.10961714821807744	0.0025506342268639187	
6.96	0.1	0.0929	0.1097352601906243	0.0025533840328059282	
6.98	0.1	0.0929	0.1097352601906243	0.0025533840328059282	
7	0.1	0.0928	0.10961714821807744	0.0025506342268639187	
7.02	0.1	0.0926	0.10938092420866852	0.002545134623236788	
7.04	0.1	0.0923	0.10902658803378928	0.0025368852384387405	
7.06	0.1	0.092	0.1086722516659977	0.0025286358784118858	
7.08	0.1	0.0917	0.10831791510527156	0.0025203865431555456	
7.1	0.1	0.0914	0.10796357835163306	0.002512137232670078	
7.12	0.1	0.0911	0.10760924140507111	0.0025038879469550645	
7.14	0.1	0.0908	0.1072549042655968	0.002495638686010604	
7.16	0.1	0.0905	0.10690056693319905	0.002487389449836278	
7.18	0.1	0.0902	0.10654622940786673	0.0024791402384316684	
7.2	0.1	0.0899	0.10619189168964427	0.002470891051797649	
7.22	0.1	0.0896	0.10583755377848725	0.0024626418899330264	
7.24	0.1	0.0893	0.10548321567441787	0.0024543927528381574	
7.26	0.1	0.089	0.10512887737742505	0.0024461436405126243	
7.28	0.1	0.0887	0.10477453888751986	0.0024378945529565255	
7.3	0.1	0.0884	0.10442020020470233	0.0024296454901697006	
7.32	0.1	0.0881	0.10406586132897244	0.0024213964521519905	
7.34	0.1	0.0878	0.1037115222603302	0.002413147438903236	
7.36	0.1	0.0875	0.1033571829987534	0.002404898450422759	
7.38	0.1	0.0872	0.10300284354427536	0.0023966494867111755	
7.4	0.1	0.0869	0.10264850389689606	0.002388400547768327	
7.42	0.1	0.0866	0.1022941640565933	0.002380151633593535	
7.44	0.1	0.0863	0.1019398240233671	0.0023719027441866406	
7.46	0.1	0.086	0.10158548379723964	0.002363653879548001	
7.48	0.1	0.0857	0.10123114337819983	0.0023554050396771982	
7.5	0.1	0.0854	0.10087680276625877	0.00234715622457433	
7.52	0.1	0.0851	0.10052246196139425	0.0023389074342387204	
7.54	0.1	0.0848	0.10016812096361738	0.0023306586686704677	
7.56	0.1	0.0846	0.0999318935246074	0.002325159505384875	
7.58	0.1	0.0844	0.09969566599984381	0.0023196603531065335	
7.6	0.1	0.0842	0.09945943838934879	0.002314161211835912	
7.62	0.1	0.084	0.09922321069311124	0.002308662081572706	
7.64	0.1	0.0838	0.09898698291115338	0.002303162962317385	
7.66	0.1	0.0836	0.09875075504344188	0.002297663854069126	
7.68	0.1	0.0834	0.09851452709001007	0.002292164756828657	
7.7	0.1	0.0832	0.09827829905083574	0.0022866656705954136	
7.72	0.1	0.0831	0.09816018499908541	0.0022839161316062606	
7.74	0.1	0.083	0.09804207092590778	0.0022811665953690902	
7.76	0.1	0.0829	0.09792395683130284	0.002278417061883896	
7.78	0.1	0.0828	0.0978058427152706	0.002275667531150673	
7.8	0.1	0.0827	0.09768772857778885	0.0022729180031688975	
7.82	0.1	0.0826	0.09756961441886869	0.002270168477938823	
7.84	0.1	0.0825	0.09745150023852123	0.002267418955460701	
7.86	0.1	0.0824	0.09733338603675756	0.002264669435734784	
7.88	0.1	0.0823	0.09721527181354439	0.002261919918760292	
7.9	0.1	0.0822	0.09709715756889281	0.0022591704045374764	
7.92	0.1	0.0821	0.09697904330280283	0.0022564208930663317	
7.94	0.1	0.082	0.09686092901529664	0.002253671384347369	
7.96	0.1	0.0819	0.09674281470635204	0.0022509218783800648	
7.98	0.1	0.0818	0.09662470037596904	0.0022481723751644144	
8	0.1	0.0817	0.09650658602414763	0.0022454228747004106	
8.02	0.1	0.0817	0.09650658602414763	0.0022454228747004106	
8.04	0.1	0.0817	0.09650658602414763	0.0022454228747004106	
8.06	0.1	0.0817	0.09650658602414763	0.0022454228747004106	
8.08	0.1	0.0817	0.09650658602414763	0.0022454228747004106	
8.1	0.1	0.0817	0.09650658602414763	0.0022454228747004106	
8.12	0.1	0.0817	0.09650658602414763	0.0022454228747004106	
8.14	0.1	0.0817	0.09650658602414763	0.0022454228747004106	
8.16	0.1	0.0817	0.09650658602414763	0.0022454228747004106	
8.18	0.1	0.0817	0.09650658602414763	0.0022454228747004106	
8.2	0.1	0.0817	0.09650658602414763	0.0022454228747004106	
8.22	0.1	0.0817	0.09650658602414763	0.0022454228747004106	
8.24	0.1	0.0817	0.09650658602414763	0.0022454228747004106	
8.26	0.1	0.0817	0.09650658602414763	0.0022454228747004106	
8.28	0.1	0.0817	0.09650658602414763	0.0022454228747004106	
8.3	0.1	0.0817	0.09650658602414763	0.0022454228747004106	
8.32	0.1	0.0817	0.09650658602414763	0.0022454228747004106	
8.34	0.1	0.0817	0.09650658602414763	0.0022454228747004106	
8.36	0.1	0.0817	0.09650658602414763	0.0022454228747004106	
8.38	0.1	0.0817	0.09650658602414763	0.0022454228747004106	
8.4	0.1	0.0817	0.09650658602414763	0.0022454228747004106	
8.42	0.1	0.0817	0.09650658602414763	0.0022454228747004106	
8.44	0.1	0.0817	0.09650658602414763	0.0022454228747004106	
8.46	0.1	0.0817	0.09650658602414763	0.0022454228747004106	
8.48	0.1	0.0817	0.09650658602414763	0.0022454228747004106	
8.5	0.1	0.0817	0.09650658602414763	0.0022454228747004106	
8.52	0.1	0.0817	0.09650658602414763	0.0022454228747004106	
8.54	0.1	0.0817	0.09650658602414763	0.0022454228747004106	
8.56	0.1	0.0817	0.09650658602414763	0.0022454228747004106	
8.58	0.1	0.0817	0.09650658602414763	0.0022454228747004106	
8.6	0.1	0.0817	0.09650658602414763	0.0022454228747004106	
8.62	0.1	0.0817	0.09650658602414763	0.0022454228747004106	
8.64	0.1	0.0817	0.09650658602414763	0.0022454228747004106	
8.66	0.1	0.0817	0.09650658602414763	0.0022454228747004106	
8.68	0.1	0.0817	0.09650658602414763	0.0022454228747004106	
8.7	0.1	0.0817	0.09650658602414763	0.0022454228747004106	
8.72	0.1	0.0817	0.09650658602414763	0.0022454228747004106	
8.74	0.1	0.0817	0.09650658602414763	0.0022454228747004106	
8.76	0.1	0.0817	0.09650658602414763	0.0022454228747004106	
8.78	0.1	0.0817	0.09650658602414763	0.0022454228747004106	
8.8	0.1	0.0817	0.09650658602414763	0.0022454228747004106	
8.82	0.1	0.0817	0.09650658602414763	0.0022454228747004106	
8.84	0.1	0.0817	0.09650658602414763	0.0022454228747004106	
8.86	0.1	0.0817	0.09650658602414763	0.0022454228747004106	
8.88	0.1	0.0817	0.09650658602414763	0.0022454228747004106	
8.9	0.1	0.0817	0.09650658602414763	0.0022454228747004106	
8.92	0.1	0.0817	0.09650658602414763	0.0022454228747004106	
8.94	0.1	0.0817	0.09650658602414763	0.0022454228747004106	
8.96	0.1	0.0817	0.09650658602414763	0.0022454228747004106	
8.98	0.1	0.0817	0.09650658602414763	0.0022454228747004106	
9	0.1	0.0817	0.09650658602414763	0.0022454228747004106	
9.02	0.1	0.0817	0.09650658602414763	0.0022454228747004106	
9.04	0.1	0.0817	0.09650658602414763	0.0022454228747004106	
9.06	0.1	0.0817	0.09650658602414763	0.0022454228747004106	
9.08	0.1	0.0817	0.09650658602414763	0.0022454228747004106	
9.1	0.1	0.0817	0.09650658602414763	0.0022454228747004106	
9.12	0.1	0.0817	0.09650658602414763	0.0022454228747004106	
9.14	0.1	0.0817	0.09650658602414763	0.0022454228747004106	
9.16	0.1	0.0817	0.09650658602414763	0.0022454228747004106	
9.18	0.1	0.0817	0.09650658602414763	0.0022454228747004106	
9.2	0.1	0.0817	0.09650658602414763	0.0022454228747004106	
9.22	0.1	0.0817	0.09650658602414763	0.0022454228747004106	
9.24	0.1	0.0817	0.09650658602414763	0.0022454228747004106	
9.26	0.1	0.0817	0.09650658602414763	0.0022454228747004106	
9.28	0.1	0.0817	0.09650658602414763	0.0022454228747004106	
9.3	0.1	0.0817	0.09650658602414763	0.0022454228747004106	
9.32	0.1	0.0817	0.09650658602414763	0.0022454228747004106	
9.34	0.1	0.0817	0.09650658602414763	0.0022454228747004106	
9.36	0.1	0.0817	0.09650658602414763	0.0022454228747004106	
9.38	0.1	0.0817	0.09650658602414763	0.0022454228747004106	
9.4	0.1	0.0817	0.09650658602414763	0.0022454228747004106	
9.42	0.1	0.0817	0.09650658602414763	0.0022454228747004106	
9.44	0.1	0.0817	0.09650658602414763	0.0022454228747004106	
9.46	0.1	0.0817	0.09650658602414763	0.0022454228747004106	
9.48	0.1	0.0817	0.09650658602414763	0.0022454228747004106	
9.5	0.1	0.0817	0.09650658602414763	0.0022454228747004106	
9.52	0.1	0.0817	0.09650658602414763	0.0022454228747004106	
9.54	0.1	0.0817	0.09650658602414763	0.0022454228747004106	
9.56	0.1	0.0817	0.09650658602414763	0.0022454228747004106	
9.58	0.1	0.0817	0.09650658602414763	0.0022454228747004106	
9.6	0.1	0.0817	0.09650658602414763	0.0022454228747004106	
9.62	0.1	0.0817	0.09650658602414763	0.0022454228747004106	
9.64	0.1	0.0817	0.09650658602414763	0.0022454228747004106	
9.66	0.1	0.0817	0.09650658602414763	0.0022454228747004106	
9.68	0.1	0.0817	0.09650658602414763	0.0022454228747004106	
9.7	0.1	0.0817	0.09650658602414763	0.0022454228747004106	
9.72	0.1	0.0817	0.09650658602414763	0.0022454228747004106	
9.74	0.1	0.0817	0.09650658602414763	0.0022454228747004106	
9.76	0.1	0.0817	0.09650658602414763	0.0022454228747004106	
9.78	0.1	0.0817	0.09650658602414763	0.0022454228747004106	
9.8	0.1	0.0817	0.09650658602414763	0.0022454228747004106	
9.82	0.1	0.0817	0.09650658602414763	0.0022454228747004106	
9.84	0.1	0.0817	0.09650658602414763	0.0022454228747004106	
9.86	0.1	0.0817	0.09650658602414763	0.0022454228747004106	
9.88	0.1	0.0817	0.09650658602414763	0.0022454228747004106	
9.9	0.1	0.0817	0.09650658602414763	0.0022454228747004106	
9.92	0.1	0.0817	0.09650658602414763	0.0022454228747004106	
9.94	0.1	0.0817	0.09650658602414763	0.0022454228747004106	
9.96	0.1	0.0817	0.09650658602414763	0.0022454228747004106	
9.98	0.1	0.0817	0.09650658602414763	0.0022454228747004106	
10	0.1	0.0817	0.09650658602414763	0.0022454228747004106	
10.02	0.1	0.0817	0.09650658602414763	0.0022454228747004106	
10.04	0.1	0.0817	0.09650658602414763	0.0022454228747004106	
10.06	0.1	0.0817	0.09650658602414763	0.0022454228747004106	
10.08	0.1	0.0817	0.09650658602414763	0.0022454228747004106	
10.1	0.1	0.0817	0.09650658602414763	0.0022454228747004106	
10.12	0.1	0.0817	0.09650658602414763	0.0022454228747004106	
10.14	0.1	0.0817	0.09650658602414763	0.0022454228747004106	
10.16	0.1	0.0817	0.09650658602414763	0.0022454228747004106	
10.18	0.1	0.0817	0.09650658602414763	0.0022454228747004106	
10.2	0.1	0.0817	0.09650658602414763	0.0022454228747004106	
10.22	0.1	0.0817	0.09650658602414763	0.0022454228747004106	
10.24	0.1	0.0817	0.09650658602414763	0.0022454228747004106	
10.26	0.1	0.0817	0.09650658602414763	0.0022454228747004106	
10.28	0.1	0.0817	0.09650658602414763	0.0022454228747004106	
10.3	0.1	0.0817	0.09650658602414763	0.0022454228747004106	
10.32	0.1	0.0817	0.09650658602414763	0.0022454228747004106	
10.34	0.1	0.0817	0.09650658602414763	0.0022454228747004106	
10.36	0.1	0.0817	0.09650658602414763	0.0022454228747004106	
10.38	0.1	0.0817	0.09650658602414763	0.0022454228747004106	
10.4	0.1	0.0817	0.09650658602414763	0.0022454228747004106	
10.42	0.1	0.0817	0.09650658602414763	0.0022454228747004106	
10.44	0.1	0.0817	0.09650658602414763	0.0022454228747004106	
10.46	0.1	0.0817	0.09650658602414763	0.0022454228747004106	
10.48	0.1	0.0817	0.09650658602414763	0.0022454228747004106	
10.5	0.1	0.0817	0.09650658602414763	0.0022454228747004106	
10.52	0.1	0.0817	0.09650658602414763	0.0022454228747004106	
10.54	0.1	0.0817	0.09650658602414763	0.0022454228747004106	
10.56	0.1	0.0817	0.09650658602414763	0.0022454228747004106	
10.58	0.1	0.0817	0.09650658602414763	0.0022454228747004106	
10.6	0.1	0.0817	0.09650658602414763	0.0022454228747004106	
10.62	0.1	0.0817	0.09650658602414763	0.0022454228747004106	
10.64	0.1	0.0817	0.09650658602414763	0.0022454228747004106	
10.66	0.1	0.0817	0.09650658602414763	0.0022454228747004106	
10.68	0.1	0.0817	0.09650658602414763	0.0022454228747004106	
10.7	0.1	0.0817	0.09650658602414763	0.0022454228747004106	
10.72	0.1	0.0817	0.09650658602414763	0.0022454228747004106	
10.74	0.1	0.0817	0.09650658602414763	0.0022454228747004106	
10.76	0.1	0.0817	0.09650658602414763	0.0022454228747004106	
10.78	0.1	0.0817	0.09650658602414763	0.0022454228747004106	
10.8	0.1	0.0817	0.09650658602414763	0.0022454228747004106	
10.82	0.1	0.0817	0.09650658602414763	0.0022454228747004106	
10.84	0.1	0.0817	0.09650658602414763	0.0022454228747004106	
10.86	0.1	0.0817	0.09650658602414763	0.0022454228747004106	
10.88	0.1	0.0817	0.09650658602414763	0.0022454228747004106	
10.9	0.1	0.0817	0.09650658602414763	0.0022454228747004106	
10.92	0.1	0.0817	0.09650658602414763	0.0022454228747004106	
10.94	0.1	0.0817	0.09650658602414763	0.0022454228747004106	
10.96	0.1	0.0817	0.09650658602414763	0.0022454228747004106	
10.98	0.1	0.0817	0.09650658602414763	0.0022454228747004106	
11	0.1	0.0817	0.09650658602414763	0.0022454228747004106	
11.02	0.1	0.0817	0.09650658602414763	0.0022454228747004106	
11.04	0.1	0.0817	0.09650658602414763	0.0022454228747004106	
11.06	0.1	0.0817	0.09650658602414763	0.0022454228747004106	
11.08	0.1	0.0817	0.09650658602414763	0.0022454228747004106	
11.1	0.1	0.0817	0.09650658602414763	0.0022454228747004106	
11.12	0.1	0.0817	0.09650658602414763	0.0022454228747004106	
11.14	0.1	0.0817	0.09650658602414763	0.0022454228747004106	
11.16	0.1	0.0817	0.09650658602414763	0.0022454228747004106	
11.18	0.1	0.0817	0.09650658602414763	0.0022454228747004106	
11.2	0.1	0.0817	0.09650658602414763	0.0022454228747004106	
11.22	0.1	0.0817	0.09650658602414763	0.0022454228747004106	
11.24	0.1	0.0817	0.09650658602414763	0.0022454228747004106	
11.26	0.1	0.0817	0.09650658602414763	0.0022454228747004106	
11.28	0.1	0.0817	0.09650658602414763	0.0022454228747004106	
11.3	0.1	0.0817	0.09650658602414763	0.0022454228747004106	
11.32	0.1	0.0817	0.09650658602414763	0.0022454228747004106	
11.34	0.1	0.0817	0.09650658602414763	0.0022454228747004106	
11.36	0.1	0.0817	0.09650658602414763	0.0022454228747004106	
11.38	0.1	0.0817	0.09650658602414763	0.0022454228747004106	
11.4	0.1	0.0817	0.09650658602414763	0.0022454228747004106	
11.42	0.1	0.0817	0.09650658602414763	0.0022454228747004106	
11.44	0.1	0.0817	0.09650658602414763	0.0022454228747004106	
11.46	0.1	0.0817	0.09650658602414763	0.0022454228747004106	
11.48	0.1	0.0817	0.09650658602414763	0.0022454228747004106	
11.5	0.1	0.0817	0.09650658602414763	0.0022454228747004106	
11.52	0.1	0.0817	0.09650658602414763	0.0022454228747004106	
11.54	0.1	0.0817	0.09650658602414763	0.0022454228747004106	
11.56	0.1	0.0817	0.09650658602414763	0.0022454228747004106	
11.58	0.1	0.0817	0.09650658602414763	0.0022454228747004106	
11.6	0.1	0.0817	0.09650658602414763	0.0022454228747004106	
11.62	0.1	0.0817	0.09650658602414763	0.0022454228747004106	
11.64	0.1	0.0817	0.09650658602414763	0.0022454228747004106	
11.66	0.1	0.0817	0.09650658602414763	0.0022454228747004106	
11.68	0.1	0.0817	0.09650658602414763	0.0022454228747004106	
11.7	0.1	0.0817	0.09650658602414763	0.0022454228747004106	
11.72	0.1	0.0817	0.09650658602414763	0.0022454228747004106	
11.74	0.1	0.0817	0.09650658602414763	0.0022454228747004106	
11.76	0.1	0.0817	0.09650658602414763	0.0022454228747004106	
11.78	0.1	0.0817	0.09650658602414763	0.0022454228747004106	
11.8	0.1	0.0817	0.09650658602414763	0.0022454228747004106	
11.82	0.1	0.0817	0.09650658602414763	0.0022454228747004106	
11.84	0.1	0.0817	0.09650658602414763	0.0022454228747004106	
11.86	0.1	0.0817	0.09650658602414763	0.0022454228747004106	
11.88	0.1	0.0817	0.09650658602414763	0.0022454228747004106	
11.9	0.1	0.0817	0.09650658602414763	0.0022454228747004106	
11.92	0.1	0.0817	0.09650658602414763	0.0022454228747004106	
11.94	0.1	0.0817	0.09650658602414763	0.0022454228747004106	
11.96	0.1	0.0817	0.09650658602414763	0.0022454228747004106	
11.98	0.1	0.0817	0.09650658602414763	0.0022454228747004106	
12	0.1	0.0817	0.09650658602414763	0.0022454228747004106	
12.02	0.1	0.0817	0.09650658602414763	0.0022454228747004106	
12.04	0.1	0.0817	0.09650658602414763	0.0022454228747004106	
12.06	0.1	0.0817	0.09650658602414763	0.0022454228747004106	
12.08	0.1	0.0817	0.09650658602414763	0.0022454228747004106	
12.1	0.1	0.0817	0.09650658602414763	0.0022454228747004106	
12.12	0.1	0.0817	0.09650658602414763	0.0022454228747004106	
12.14	0.1	0.0817	0.09650658602414763	0.0022454228747004106	
12.16	0.1	0.0817	0.09650658602414763	0.0022454228747004106	
12.18	0.1	0.0817	0.09650658602414763	0.0022454228747004106	
12.2	0.1	0.0817	0.09650658602414763	0.0022454228747004106	
12.22	0.1	0.0817	0.09650658602414763	0.0022454228747004106	
12.24	0.1	0.0817	0.09650658602414763	0.0022454228747004106	
12.26	0.1	0.0817	0.09650658602414763	0.0022454228747004106	
12.28	0.1	0.0817	0.09650658602414763	0.0022454228747004106	
12.3	0.1	0.0817	0.09650658602414763	0.0022454228747004106	
12.32	0.1	0.0817	0.09650658602414763	0.0022454228747004106	
12.34	0.1	0.0817	0.09650658602414763	0.0022454228747004106	
12.36	0.1	0.0817	0.09650658602414763	0.0022454228747004106	
12.38	0.1	0.0817	0.09650658602414763	0.0022454228747004106	
12.4	0.1	0.0817	0.09650658602414763	0.0022454228747004106	
12.42	0.1	0.0817	0.09650658602414763	0.0022454228747004106	
12.44	0.1	0.0817	0.09650658602414763	0.0022454228747004106	
12.46	0.1	0.0817	0.09650658602414763	0.0022454228747004106	
12.48	0.1	0.0817	0.09650658602414763	0.0022454228747004106	
12.5	0.1	0.0817	0.09650658602414763	0.0022454228747004106	
12.52	0.1	0.0817	0.09650658602414763	0.0022454228747004106	
12.54	0.1	0.0817	0.09650658602414763	0.0022454228747004106	
12.56	0.1	0.0817	0.09650658602414763	0.0022454228747004106	
12.58	0.1	0.0817	0.09650658602414763	0.0022454228747004106	
12.6	0.1	0.0817	0.09650658602414763	0.0022454228747004106	
12.62	0.1	0.0817	0.09650658602414763	0.0022454228747004106	
12.64	0.1	0.0817	0.09650658602414763	0.0022454228747004106	
12.66	0.1	0.0817	0.09650658602414763	0.0022454228747004106	
12.68	0.1	0.0817	0.09650658602414763	0.0022454228747004106	
12.7	0.1	0.0817	0.09650658602414763	0.0022454228747004106	
12.72	0.1	0.0817	0.09650658602414763	0.0022454228747004106	
12.74	0.1	0.0817	0.09650658602414763	0.0022454228747004106	
12.76	0.1	0.0817	0.09650658602414763	0.0022454228747004106	
12.78	0.1	0.0817	0.09650658602414763	0.0022454228747004106	
12.8	0.1	0.0817	0.09650658602414763	0.0022454228747004106	
12.82	0.1	0.0817	0.09650658602414763	0.0022454228747004106	
12.84	0.1	0.0817	0.09650658602414763	0.0022454228747004106	
12.86	0.1	0.0817	0.09650658602414763	0.0022454228747004106	
12.88	0.1	0.0817	0.09650658602414763	0.0022454228747004106	
12.9	0.1	0.0817	0.09650658602414763	0.0022454228747004106	
12.92	0.1	0.0817	0.09650658602414763	0.0022454228747004106	
12.94	0.1	0.0817	0.09650658602414763	0.0022454228747004106	
12.96	0.1	0.0817	0.09650658602414763	0.0022454228747004106	
12.98	0.1	0.0817	0.09650658602414763	0.0022454228747004106	
13	0.1	0.0817	0.09650658602414763	0.0022454228747004106	
13.02	0.1	0.0817	0.09650658602414763	0.0022454228747004106	
13.04	0.1	0.0817	0.09650658602414763	0.0022454228747004106	
13.06	0.1	0.0817	0.09650658602414763	0.0022454228747004106	
13.08	0.1	0.0817	0.09650658602414763	0.0022454228747004106	
13.1	0.1	0.0817	0.09650658602414763	0.0022454228747004106	
13.12	0.1	0.0817	0.09650658602414763	0.0022454228747004106	
13.14	0.1	0.0817	0.09650658602414763	0.0022454228747004106	
13.16	0.1	0.0817	0.09650658602414763	0.0022454228747004106	
13.18	0.1	0.0817	0.09650658602414763	0.0022454228747004106	
13.2	0.1	0.0817	0.09650658602414763	0.0022454228747004106	
13.22	0.1	0.0817	0.09650658602414763	0.0022454228747004106	
13.24	0.1	0.0817	0.09650658602414763	0.0022454228747004106	
13.26	0.1	0.0817	0.09650658602414763	0.0022454228747004106	
13.28	0.1	0.0817	0.09650658602414763	0.0022454228747004106	
13.3	0.1	0.0817	0.09650658602414763	0.0022454228747004106	
13.32	0.1	0.0817	0.09650658602414763	0.0022454228747004106	
13.34	0.1	0.0817	0.09650658602414763	0.0022454228747004106	
13.36	0.1	0.0817	0.09650658602414763	0.0022454228747004106	
13.38	0.1	0.0817	0.09650658602414763	0.0022454228747004106	
13.4	0.1	0.0817	0.09650658602414763	0.0022454228747004106	
13.42	0.1	0.0817	0.09650658602414763	0.0022454228747004106	
13.44	0.1	0.0817	0.09650658602414763	0.0022454228747004106	
13.46	0.1	0.0817	0.09650658602414763	0.0022454228747004106	
13.48	0.1	0.0817	0.09650658602414763	0.0022454228747004106	
13.5	0.1	0.0817	0.09650658602414763	0.0022454228747004106	
13.52	0.1	0.0817	0.09650658602414763	0.0022454228747004106	
13.54	0.1	0.0817	0.09650658602414763	0.0022454228747004106	
13.56	0.1	0.0817	0.09650658602414763	0.0022454228747004106	
13.58	0.1	0.0817	0.09650658602414763	0.0022454228747004106	
13.6	0.1	0.0817	0.09650658602414763	0.0022454228747004106	
13.62	0.1	0.0817	0.09650658602414763	0.0022454228747004106	
13.64	0.1	0.0817	0.09650658602414763	0.0022454228747004106	
13.66	0.1	0.0817	0.09650658602414763	0.0022454228747004106	
13.68	0.1	0.0817	0.09650658602414763	0.0022454228747004106	
13.7	0.1	0.0817	0.09650658602414763	0.0022454228747004106	
13.72	0.1	0.0817	0.09650658602414763	0.0022454228747004106	
13.74	0.1	0.0817	0.09650658602414763	0.0022454228747004106	
13.76	0.1	0.0817	0.09650658602414763	0.0022454228747004106	
13.78	0.1	0.0817	0.09650658602414763	0.0022454228747004106	
13.8	0.1	0.0817	0.09650658602414763	0.0022454228747004106	
13.82	0.1	0.0817	0.09650658602414763	0.0022454228747004106	
13.84	0.1	0.0817	0.09650658602414763	0.0022454228747004106	
13.86	0.1	0.0817	0.09650658602414763	0.0022454228747004106	
13.88	0.1	0.0817	0.09650658602414763	0.0022454228747004106	
13.9	0.1	0.0817	0.09650658602414763	0.0022454228747004106	
13.92	0.1	0.0817	0.09650658602414763	0.0022454228747004106	
13.94	0.1	0.0817	0.09650658602414763	0.0022454228747004106	
13.96	0.1	0.0817	0.09650658602414763	0.0022454228747004106	
13.98	0.1	0.0817	0.09650658602414763	0.0022454228747004106	
14	0.1	0.0817	0.09650658602414763	0.0022454228747004106	
14.02	0.1	0.0817	0.09650658602414763	0.0022454228747004106	
14.04	0.1	0.0817	0.09650658602414763	0.0022454228747004106	
14.06	0.1	0.0817	0.09650658602414763	0.0022454228747004106	
14.08	0.1	0.0817	0.09650658602414763	0.0022454228747004106	
14.1	0.1	0.0817	0.09650658602414763	0.0022454228747004106	
14.12	0.1	0.0817	0.09650658602414763	0.0022454228747004106	
14.14	0.1	0.0817	0.09650658602414763	0.0022454228747004106	
14.16	0.1	0.0817	0.09650658602414763	0.0022454228747004106	
14.18	0.1	0.0817	0.09650658602414763	0.0022454228747004106	
14.2	0.1	0.0817	0.09650658602414763	0.0022454228747004106	
14.22	0.1	0.0817	0.09650658602414763	0.0022454228747004106	
14.24	0.1	0.0817	0.09650658602414763	0.0022454228747004106	
14.26	0.1	0.0817	0.09650658602414763	0.0022454228747004106	
14.28	0.1	0.0817	0.09650658602414763	0.0022454228747004106	
14.3	0.1	0.0817	0.09650658602414763	0.0022454228747004106	
14.32	0.1	0.0817	0.09650658602414763	0.0022454228747004106	
14.34	0.1	0.0817	0.09650658602414763	0.0022454228747004106	
14.36	0.1	0.0817	0.09650658602414763	0.0022454228747004106	
14.38	0.1	0.0817	0.09650658602414763	0.0022454228747004106	
14.4	0.1	0.0817	0.09650658602414763	0.0022454228747004106	
14.42	0.1	0.0817	0.09650658602414763	0.0022454228747004106	
14.44	0.1	0.0817	0.09650658602414763	0.0022454228747004106	
14.46	0.1	0.0817	0.09650658602414763	0.0022454228747004106	
14.48	0.1	0.0817	0.09650658602414763	0.0022454228747004106	
14.5	0.1	0.0817	0.09650658602414763	0.0022454228747004106	
14.52	0.1	0.0817	0.09650658602414763	0.0022454228747004106	
14.54	0.1	0.0817	0.09650658602414763	0.0022454228747004106	
14.56	0.1	0.0817	0.09650658602414763	0.0022454228747004106	
14.58	0.1	0.0817	0.09650658602414763	0.0022454228747004106	
14.6	0.1	0.0817	0.09650658602414763	0.0022454228747004106	
14.62	0.1	0.0817	0.09650658602414763	0.0022454228747004106	
14.64	0.1	0.0817	0.09650658602414763	0.0022454228747004106	
14.66	0.1	0.0817	0.09650658602414763	0.0022454228747004106	
14.68	0.1	0.0817	0.09650658602414763	0.0022454228747004106	
14.7	0.1	0.0817	0.09650658602414763	0.0022454228747004106	
14.72	0.1	0.0817	0.09650658602414763	0.0022454228747004106	
14.74	0.1	0.0817	0.09650658602414763	0.0022454228747004106	
14.76	0.1	0.0817	0.09650658602414763	0.0022454228747004106	
14.78	0.1	0.0817	0.09650658602414763	0.0022454228747004106	
14.8	0.1	0.0817	0.09650658602414763	0.0022454228747004106	
14.82	0.1	0.0817	0.09650658602414763	0.0022454228747004106	
14.84	0.1	0.0817	0.09650658602414763	0.0022454228747004106	
14.86	0.1	0.0817	0.09650658602414763	0.0022454228747004106	
14.88	0.1	0.0817	0.09650658602414763	0.0022454228747004106	
14.9	0.1	0.0817	0.09650658602414763	0.0022454228747004106	
14.92	0.1	0.0817	0.09650658602414763	0.0022454228747004106	
14.94	0.1	0.0817	0.09650658602414763	0.0022454228747004106	
14.96	0.1	0.0817	0.09650658602414763	0.0022454228747004106	
14.98	0.1	0.0817	0.09650658602414763	0.0022454228747004106	
15	0.1	0.0817	0.09650658602414763	0.0022454228747004106	
15.02	0.1	0.0817	0.09650658602414763	0.0022454228747004106	
15.04	0.1	0.0817	0.09650658602414763	0.0022454228747004106	
15.06	0.1	0.0817	0.09650658602414763	0.0022454228747004106	
15.08	0.1	0.0817	0.09650658602414763	0.0022454228747004106	
15.1	0.1	0.0817	0.09650658602414763	0.0022454228747004106	
15.12	0.1	0.0817	0.09650658602414763	0.0022454228747004106	
15.14	0.1	0.0817	0.09650658602414763	0.0022454228747004106	
15.16	0.1	0.0817	0.09650658602414763	0.0022454228747004106	
15.18	0.1	0.0817	0.09650658602414763	0.0022454228747004106	
15.2	0.1	0.0817	0.09650658602414763	0.0022454228747004106	
15.22	0.1	0.0817	0.09650658602414763	0.0022454228747004106	
15.24	0.1	0.0817	0.09650658602414763	0.0022454228747004106	
15.26	0.1	0.0817	0.09650658602414763	0.0022454228747004106	
15.28	0.1	0.0817	0.09650658602414763	0.0022454228747004106	
15.3	0.1	0.0817	0.09650658602414763	0.0022454228747004106	
15.32	0.1	0.0817	0.09650658602414763	0.0022454228747004106	
15.34	0.1	0.0817	0.09650658602414763	0.0022454228747004106	
15.36	0.1	0.0817	0.09650658602414763	0.0022454228747004106	
15.38	0.1	0.0817	0.09650658602414763	0.0022454228747004106	
15.4	0.1	0.0817	0.09650658602414763	0.0022454228747004106	
15.42	0.1	0.0817	0.09650658602414763	0.0022454228747004106	
15.44	0.1	0.0817	0.09650658602414763	0.0022454228747004106	
15.46	0.1	0.0817	0.09650658602414763	0.0022454228747004106	
15.48	0.1	0.0817	0.09650658602414763	0.0022454228747004106	
15.5	0.1	0.0817	0.09650658602414763	0.0022454228747004106	
15.52	0.1	0.0817	0.09650658602414763	0.0022454228747004106	
15.54	0.1	0.0817	0.09650658602414763	0.0022454228747004106	
15.56	0.1	0.0817	0.09650658602414763	0.0022454228747004106	
15.58	0.1	0.0817	0.09650658602414763	0.0022454228747004106	
15.6	0.1	0.0817	0.09650658602414763	0.0022454228747004106	
15.62	0.1	0.0817	0.09650658602414763	0.0022454228747004106	
15.64	0.3	0.0822	0.09709715756889281	0.0022591704045374764	
15.66	0.3	0.0841	0.09934132455194922	0.0023114116453284176	
15.68	0.1	0.0871	0.10288473034991696	0.002393899837644848	
15.7	0.1	0.09	0.1063100042838272	0.002473640777923607	
15.72	0.1	0.0923	0.10902658803378928	0.0025368852384387405	
15.74	0.1	0.0941	0.11115260218921286	0.00258638191879662	
15.76	0.3	0.096	0.11339672070740381	0.0026386293822101047	
15.78	0.1	0.0984	0.11623138566919655	0.0027046275984135087	
15.8	0.1	0.1007	0.11894792800433152	0.0027678773767573807	
15.82	0.1	0.1024	0.120955799832978	0.0028146281488709525	
15.84	0.1	0.1036	0.1223731173936704	0.002847629172893194	
15.86	0.1	0.1044	0.12331799405245203	0.0028696300758104297	
15.88	0.1	0.1048	0.12379043186733218	0.0028806305933407523	
15.9	0.1	0.1049	0.12390854126744788	0.002883380729605645	
15.92	0.1	0.1048	0.12379043186733218	0.0028806305933407523	
15.94	0.1	0.1045	0.12343610353832135	0.0028723802010633247	
15.96	0.1	0.104	0.12284555589456847	0.0028586296023281233	
15.98	0.1	0.1034	0.12213689801459093	0.002842128974693378	
16	0.1	0.1027	0.12131012951256404	0.002822878367712288	
16.02	0.1	0.1019	0.12036524993825903	0.0028008778391932464	
16.04	0.1	0.101	0.11930225877722078	0.0027761274552033513	
16.06	0.1	0.1001	0.11823926587976041	0.002751377294190988	
16.08	0.1	0.0992	0.11717627124590013	0.0027266273561523577	
16.1	0.1	0.0983	0.11611327487563994	0.0027018776410831446	
16.12	0.1	0.0974	0.11505027676901314	0.0026771281489798076	
16.14	0.1	0.0965	0.11398727692601973	0.0026523788798380327	
16.16	0.1	0.0956	0.11292427534665972	0.0026276298336535032	
16.18	0.1	0.0947	0.11186127203097751	0.0026028810104229395	
16.2	0.1	0.0938	0.110798266978962	0.0025781324101417664	
16.22	0.1	0.093	0.10985337214174384	0.0025561338415005003	
16.24	0.1	0.0922	0.1089084759326231	0.0025341354490106887	
16.26	0.1	0.0915	0.1080816906242843	0.002514887000079677	
16.28	0.1	0.0908	0.1072549042655968	0.002495638686010604	
16.3	0.1	0.0902	0.10654622940786673	0.0024791402384316684	
16.32	0.1	0.0896	0.10583755377848725	0.0024626418899330264	
16.34	0.1	0.089	0.10512887737742505	0.0024461436405126243	
16.36	0.1	0.0885	0.10453831312041695	0.0024323951750133493	
16.38	0.1	0.088	0.1039477483275264	0.0024186467783169742	
16.4	0.1	0.0876	0.10347529610738038	0.002407648110497506	
16.42	0.1	0.0872	0.10300284354427536	0.0023966494867111755	
16.44	0.1	0.0868	0.10253039063822245	0.0023856509069578634	
16.46	0.1	0.0864	0.10205793738921054	0.0023746523712369315	
16.48	0.1	0.0861	0.1017035972273872	0.002366403498342311	
16.5	0.1	0.0858	0.1013492568726515	0.00235815465021558	
16.52	0.1	0.0855	0.10099491632501456	0.0023499058268568376	
16.54	0.1	0.0852	0.10064057558444306	0.0023416570282651485	
16.56	0.1	0.0849	0.10028623465098141	0.0023334082544413863	
16.58	0.1	0.0846	0.0999318935246074	0.002325159505384875	
16.6	0.1	0.0844	0.09969566599984381	0.0023196603531065335	
16.62	0.1	0.0842	0.09945943838934879	0.002314161211835912	
16.64	0.1	0.084	0.09922321069311124	0.002308662081572706	
16.66	0.1	0.0838	0.09898698291115338	0.002303162962317385	
16.68	0.1	0.0836	0.09875075504344188	0.002297663854069126	
16.7	0.1	0.0834	0.09851452709001007	0.002292164756828657	
16.72	0.1	0.0832	0.09827829905083574	0.0022866656705954136	
16.74	0.1	0.0831	0.09816018499908541	0.0022839161316062606	
16.76	0.1	0.083	0.09804207092590778	0.0022811665953690902	
16.78	0.1	0.0829	0.09792395683130284	0.002278417061883896	
16.8	0.1	0.0828	0.0978058427152706	0.002275667531150673	
16.82	0.1	0.0827	0.09768772857778885	0.0022729180031688975	
16.84	0.1	0.0826	0.09756961441886869	0.002270168477938823	
16.86	0.1	0.0825	0.09745150023852123	0.002267418955460701	
16.88	0.1	0.0824	0.09733338603675756	0.002264669435734784	
16.9	0.1	0.0823	0.09721527181354439	0.002261919918760292	
16.92	0.1	0.0822	0.09709715756889281	0.0022591704045374764	
16.94	0.1	0.0821	0.09697904330280283	0.0022564208930663317	
16.96	0.1	0.082	0.09686092901529664	0.002253671384347369	
16.98	0.1	0.0819	0.09674281470635204	0.0022509218783800648	
17	0.1	0.0818	0.09662470037596904	0.0022481723751644144	
17.02	0.1	0.0817	0.09650658602414763	0.0022454228747004106	
17.04	0.1	0.0817	0.09650658602414763	0.0022454228747004106	
17.06	0.1	0.0817	0.09650658602414763	0.0022454228747004106	
17.08	0.1	0.0817	0.09650658602414763	0.0022454228747004106	
17.1	0.1	0.0817	0.09650658602414763	0.0022454228747004106	
17.12	0.1	0.0817	0.09650658602414763	0.0022454228747004106	
17.14	0.1	0.0817	0.09650658602414763	0.0022454228747004106	
17.16	0.1	0.0817	0.09650658602414763	0.0022454228747004106	
17.18	0.1	0.0817	0.09650658602414763	0.0022454228747004106	
17.2	0.1	0.0817	0.09650658602414763	0.0022454228747004106	
17.22	0.1	0.0817	0.09650658602414763	0.0022454228747004106	
17.24	0.1	0.0817	0.09650658602414763	0.0022454228747004106	
17.26	0.1	0.0817	0.09650658602414763	0.0022454228747004106	
