 SERIAL DEL OPACIMETRO OPASTLC024;221213000483/EU19320/EU19323;9718846	
Fecha Generacion: 2025-1-30 Hora: 15:25	
-.** Prueba Aplicada a la Placa:  .-** GHN044.-** 
	
-.* Tabla de Valores Medida de Ciclo Nro 1.-* 	
-.* Diametro Exosto.-* 430.0 mm  	
Tmp Resp: 	 Opacidad RAW	 Opacidad Con Filtro BESEL	 Opacidad Con Correccion BerLambert 	 Densidad de Humo 
	
0	0.1	2.0E-4	2.3626369342055753E-4	5.4945109889223555E-6	
0.02	0.1	0.0011	0.0012994492535667312	3.0219946429806636E-5	
0.04	0.1	0.0028	0.0033076839111800815	7.692415386629488E-5	
0.06	0.1	0.0051	0.006024697418260949	1.4011346303361544E-4	
0.08	0.1	0.0079	0.009332350741386719	2.170415402868161E-4	
0.1	0.1	0.0111	0.013112505403722885	3.04961980648169E-4	
0.12	0.1	0.0146	0.01724702444896309	4.011281841687637E-4	
0.14	0.1	0.0183	0.021617773191162648	5.027932597339322E-4	
0.16	0.1	0.0221	0.02610661975034345	6.072099563148211E-4	
0.18	0.1	0.0259	0.030595435374147772	7.116306216826839E-4	
0.2	0.1	0.0297	0.03508422006160972	8.160552561391565E-4	
0.22	0.1	0.0335	0.03957297381176339	9.204838599859111E-4	
0.24	0.1	0.0372	0.043943572735527514	0.0010221681570451219	
0.26	0.1	0.0408	0.048196019210233754	0.001121107842434169	
0.28	0.1	0.0443	0.0523303155491206	0.001217302619475413	
0.3	0.1	0.0476	0.05622834234153551	0.0013080036372608184	
0.32	0.1	0.0507	0.05989010382948523	0.0013932103515324752	
0.34	0.1	0.0536	0.063315603998082	0.0014729222509637626	
0.36	0.1	0.0563	0.06650484657549915	0.0015471388571693025	
0.38	0.1	0.0588	0.06945783503290448	0.0016158597247136856	
0.4	0.1	0.0612	0.07229269135125005	0.0016818333748405874	
0.42	0.1	0.0634	0.07489129879939549	0.0017423106126020478	
0.44	0.1	0.0655	0.0773717780512162	0.001800040126968253	
0.46	0.1	0.0674	0.07961601304005139	0.0018522726376710992	
0.48	0.1	0.0692	0.08174212326126362	0.0019017569849323372	
0.5	0.1	0.0709	0.08375010987202725	0.0019484930202291687	
0.52	0.1	0.0725	0.08563997396531242	0.001992480603283204	
0.54	0.1	0.074	0.08741171656977409	0.002033719602059384	
0.56	0.1	0.0754	0.08906533864981858	0.0020722098927689514	
0.58	0.1	0.0767	0.09060084110553701	0.0021079513598692306	
0.6	0.1	0.0779	0.09201822477280519	0.0021409438960671924	
0.62	0.1	0.079	0.09331749042317261	0.0021711874023180263	
0.64	0.1	0.08	0.09449863876390685	0.002198681787827237	
0.66	0.1	0.0809	0.09556167043799357	0.0022234269700516203	
0.68	0.1	0.0817	0.09650658602414763	0.0022454228747004106	
0.7	0.1	0.0824	0.09733338603675756	0.002264669435734784	
0.72	0.1	0.083	0.09804207092590778	0.0022811665953690902	
0.74	0.1	0.0835	0.09863264107744518	0.0022949143040730175	
0.76	0.1	0.0839	0.09910509681285706	0.0023059125205692897	
0.78	0.1	0.0842	0.09945943838934879	0.002314161211835912	
0.8	0.1	0.0845	0.09981377977293926	0.0023224099278696714	
0.82	0.1	0.0847	0.10005000725483715	0.0023279090856518914	
0.84	0.1	0.0849	0.10028623465098141	0.0023334082544413863	
0.86	0.1	0.0851	0.10052246196139425	0.0023389074342387204	
0.88	0.1	0.0853	0.10075868918606457	0.0023444066250436824	
0.9	0.1	0.0855	0.10099491632501456	0.0023499058268568376	
0.92	0.1	0.0857	0.10123114337819983	0.0023554050396771982	
0.94	0.1	0.0859	0.10146737034567588	0.002360904263506104	
0.96	0.1	0.0861	0.1017035972273872	0.002366403498342311	
0.98	0.1	0.0862	0.10182171063609635	0.0023691531198885224	
1	0.1	0.0863	0.1019398240233671	0.0023719027441866406	
1.02	0.1	0.0864	0.10205793738921054	0.0023746523712369315	
1.04	0.1	0.0865	0.10217605073361558	0.0023774020010391412	
1.06	0.1	0.0866	0.1022941640565933	0.002380151633593535	
1.08	0.1	0.0867	0.10241227735812153	0.002382901268899601	
1.1	0.1	0.0868	0.10253039063822245	0.0023856509069578634	
1.12	0.1	0.0869	0.10264850389689606	0.002388400547768327	
1.14	0.1	0.087	0.10276661713413127	0.002391150191330739	
1.16	0.1	0.0871	0.10288473034991696	0.002393899837644848	
1.18	0.1	0.0872	0.10300284354427536	0.0023966494867111755	
1.2	0.1	0.0873	0.10312095671720645	0.002399399138529729	
1.22	0.1	0.0874	0.10323906986871023	0.002402148793100513	
1.24	0.1	0.0875	0.1033571829987534	0.002404898450422759	
1.26	0.1	0.0876	0.10347529610738038	0.002407648110497506	
1.28	0.1	0.0876	0.10347529610738038	0.002407648110497506	
1.3	0.1	0.0876	0.10347529610738038	0.002407648110497506	
1.32	0.1	0.0876	0.10347529610738038	0.002407648110497506	
1.34	0.1	0.0876	0.10347529610738038	0.002407648110497506	
1.36	0.1	0.0876	0.10347529610738038	0.002407648110497506	
1.38	0.1	0.0876	0.10347529610738038	0.002407648110497506	
1.4	0.1	0.0876	0.10347529610738038	0.002407648110497506	
1.42	0.1	0.0876	0.10347529610738038	0.002407648110497506	
1.44	0.1	0.0876	0.10347529610738038	0.002407648110497506	
1.46	0.1	0.0876	0.10347529610738038	0.002407648110497506	
1.48	0.1	0.0876	0.10347529610738038	0.002407648110497506	
1.5	0.1	0.0876	0.10347529610738038	0.002407648110497506	
1.52	0.1	0.0876	0.10347529610738038	0.002407648110497506	
1.54	0.1	0.0876	0.10347529610738038	0.002407648110497506	
1.56	0.1	0.0876	0.10347529610738038	0.002407648110497506	
1.58	0.1	0.0876	0.10347529610738038	0.002407648110497506	
1.6	0.1	0.0876	0.10347529610738038	0.002407648110497506	
1.62	0.1	0.0876	0.10347529610738038	0.002407648110497506	
1.64	0.1	0.0876	0.10347529610738038	0.002407648110497506	
1.66	0.1	0.0876	0.10347529610738038	0.002407648110497506	
1.68	0.1	0.0876	0.10347529610738038	0.002407648110497506	
1.7	0.1	0.0876	0.10347529610738038	0.002407648110497506	
1.72	0.1	0.0876	0.10347529610738038	0.002407648110497506	
1.74	0.1	0.0876	0.10347529610738038	0.002407648110497506	
1.76	0.1	0.0876	0.10347529610738038	0.002407648110497506	
1.78	0.1	0.0876	0.10347529610738038	0.002407648110497506	
1.8	0.1	0.0876	0.10347529610738038	0.002407648110497506	
1.82	0.1	0.0876	0.10347529610738038	0.002407648110497506	
1.84	0.1	0.0876	0.10347529610738038	0.002407648110497506	
1.86	0.1	0.0876	0.10347529610738038	0.002407648110497506	
1.88	0.1	0.0876	0.10347529610738038	0.002407648110497506	
1.9	0.7	0.0892	0.1053651029301883	0.0024516430459774773	
1.92	2.9	0.1017	0.12012902983031815	0.002795377734592424	
1.94	8.6	0.1532	0.18095287540461635	0.004212018439356304	
1.96	18.4	0.3023	0.3570146850842226	0.008317523335219394	
1.98	28.7	0.6303	0.7441589557005246	0.01737073562967426	
2	35.2	1.2056	1.4226360200531585	0.033322151106026446	
2.02	38.5	2.0532	2.4209431430131767	0.05699371390291939	
2.04	41.7	3.1617	3.7241757069148784	0.08826266154332514	
2.06	44.6	4.5082	5.303581095263022	0.1267302364347962	
2.08	47.0	6.068	7.128136111635575	0.1719754663640727	
2.1	48.3	7.8117	9.161308393711288	0.223453191004132	
2.12	48.6	9.7021	11.357666492369145	0.28037357596023577	
2.14	48.2	11.6963	13.665601639725743	0.3417257600310719	
2.16	47.9	13.7516	16.034377555266477	0.4064249477289196	
2.18	49.0	15.8347	18.42477059291032	0.47359193323181464	
2.2	51.9	17.9311	20.819618184300516	0.542887493485416	
2.22	53.6	20.0389	23.216330233459516	0.6143679109123019	
2.24	53.3	22.149	25.60420949774067	0.6878391279544662	
2.26	53.1	24.2397	27.958588854711675	0.7626257616616063	
2.28	53.5	26.2901	30.25617230327846	0.8380029325709825	
2.3	54.6	28.2891	32.48503184851127	0.9135368890701528	
2.32	56.8	30.237	34.64610647062156	0.9891934140793462	
2.34	61.1	32.1483	36.75596832774081	1.0655102877805374	
2.36	66.0	34.0517	38.84642637508916	1.1436788029144769	
2.38	70.9	35.9805	40.95364740635167	1.2252265426819495	
2.4	75.7	37.9634	43.10800093148782	1.3116638805884275	
2.42	79.3	40.0196	45.32883768427665	1.4042646807687786	
2.44	79.6	42.1477	47.6128322329377	1.5035081734723073	
2.46	77.9	44.3183	49.92679274608447	1.6085676890626697	
2.48	81.4	46.5009	52.23710774918005	1.7184213040042189	
2.5	82.1	48.6858	54.53279899970165	1.8329743653719082	
2.52	82.6	50.863	56.80283366373642	1.9520820626915913	
2.54	82.8	53.0146	59.02832875980829	2.0750914033900423	
2.56	82.9	55.1239	61.1922069900205	2.201276997102354	
2.58	83.5	57.1775	63.28130193206801	2.329962968676067	
2.6	84.0	59.167	65.28794154074838	2.460658263653971	
2.62	85.0	61.0886	67.20934190671903	2.5930849427779252	
2.64	92.5	62.9608	69.06487411620274	2.728553227240377	
2.66	95.0	64.8229	70.89359949550912	2.870260668343859	
2.68	97.7	66.6984	72.71781800810815	3.0207822585382296	
2.7	99.9	68.5925	74.54130594411572	3.1816578793726795	
2.72	99.9	70.5007	76.35830179670445	3.353856186091783	
2.74	99.9	72.4052	78.15063673639497	3.537205595639259	
2.76	99.9	74.2852	79.89804309552349	3.7310535284428332	
2.78	99.9	76.1239	81.58479613055816	3.934868756550028	
2.8	99.9	77.9078	83.19891843090163	4.1482021454375015	
2.82	99.9	79.6265	84.73185283737602	4.370700959349244	
2.84	99.9	81.2721	86.17778126402452	4.602076361022528	
2.86	99.9	82.8389	87.53323270720732	4.842101624776522	
2.88	99.9	84.3231	88.7967035863788	5.0906096008062915	
2.9	99.9	85.7225	89.96829355963818	5.347487127558271	
2.92	99.9	87.0362	91.04935944140524	5.612662989464382	
2.94	99.9	88.2644	92.04226951569588	5.886107771679044	
2.96	99.9	89.4083	92.9502497344864	6.167855797959859	
2.98	99.9	90.4698	93.77708113906284	6.457979346657489	
3	99.9	91.4514	94.5269728116929	6.756600711914229	
3.02	99.9	92.356	95.20436792421329	7.063871317610065	
3.04	99.9	93.187	95.81398438469037	7.380048445594946	
3.06	99.9	93.9479	96.36049001817952	7.705397985536206	
3.08	99.9	94.6424	96.84856136993662	8.040258440588966	
3.1	99.9	95.2744	97.28286484561087	8.385097936750558	
3.12	99.9	95.8477	97.6678383114651	8.74040601208644	
3.14	99.9	96.3661	98.00775980710071	9.106768500767483	
3.16	99.9	96.8334	98.30674352491434	9.484922332150818	
3.18	99.9	97.2533	98.56867407351587	9.87574174419266	
3.2	99.9	97.6294	98.79721022784123	10.28029422616713	
3.22	99.9	97.9652	98.99578866447884	10.699924868191243	
3.24	99.9	98.2639	99.16751436193401	11.136068592643765	
3.26	99.9	98.5287	99.31534585921044	11.59072478644597	
3.28	99.9	98.7625	99.44193084416136	12.066145523426885	
3.3	99.9	98.9681	99.54973000891651	12.565297864968585	
3.32	99.9	99.1482	99.64102088291322	13.09223546011299	
3.34	99.9	99.3052	99.71780541466727	13.65192700715191	
3.36	99.9	99.4414	99.78192381397702	14.251351130382325	
3.38	99.9	99.5589	99.83501379874022	14.900147961151992	
3.4	99.9	99.6597	99.87856540956702	15.612906273251301	
3.42	99.9	99.7455	99.9138430101432	16.41105667302106	
3.44	99.9	99.818	99.94202094331365	17.332194444762084	
3.46	99.9	99.8787	99.96409869074942	18.446864420385243	
3.48	99.9	99.9	99.97142120218015	18.977349667533797	
3.5	99.9	99.9	99.97142120218015	18.977349667533797	
3.52	99.9	99.9	99.97142120218015	18.977349667533797	
3.54	99.9	99.9	99.97142120218015	18.977349667533797	
3.56	99.9	99.9	99.97142120218015	18.977349667533797	
3.58	99.9	99.9	99.97142120218015	18.977349667533797	
3.6	99.9	99.9	99.97142120218015	18.977349667533797	
3.62	99.9	99.9	99.97142120218015	18.977349667533797	
3.64	99.9	99.9	99.97142120218015	18.977349667533797	
3.66	99.9	99.9	99.97142120218015	18.977349667533797	
3.68	99.9	99.9	99.97142120218015	18.977349667533797	
3.7	99.9	99.9	99.97142120218015	18.977349667533797	
3.72	99.9	99.9	99.97142120218015	18.977349667533797	
3.74	99.9	99.9	99.97142120218015	18.977349667533797	
3.76	99.9	99.9	99.97142120218015	18.977349667533797	
3.78	99.9	99.9	99.97142120218015	18.977349667533797	
3.8	99.9	99.9	99.97142120218015	18.977349667533797	
3.82	99.9	99.9	99.97142120218015	18.977349667533797	
3.84	99.9	99.9	99.97142120218015	18.977349667533797	
3.86	99.9	99.9	99.97142120218015	18.977349667533797	
3.88	99.9	99.9	99.97142120218015	18.977349667533797	
3.9	99.9	99.9	99.97142120218015	18.977349667533797	
3.92	99.9	99.9	99.97142120218015	18.977349667533797	
3.94	99.9	99.9	99.97142120218015	18.977349667533797	
3.96	99.9	99.9	99.97142120218015	18.977349667533797	
3.98	99.9	99.9	99.97142120218015	18.977349667533797	
4	99.9	99.9	99.97142120218015	18.977349667533797	
4.02	99.9	99.9	99.97142120218015	18.977349667533797	
4.04	99.9	99.9	99.97142120218015	18.977349667533797	
4.06	99.9	99.9	99.97142120218015	18.977349667533797	
4.08	99.9	99.9	99.97142120218015	18.977349667533797	
4.1	99.9	99.9	99.97142120218015	18.977349667533797	
4.12	99.9	99.9	99.97142120218015	18.977349667533797	
4.14	99.9	99.9	99.97142120218015	18.977349667533797	
4.16	99.9	99.9	99.97142120218015	18.977349667533797	
4.18	99.9	99.9	99.97142120218015	18.977349667533797	
4.2	99.9	99.9	99.97142120218015	18.977349667533797	
4.22	99.9	99.9	99.97142120218015	18.977349667533797	
4.24	99.9	99.9	99.97142120218015	18.977349667533797	
4.26	99.9	99.9	99.97142120218015	18.977349667533797	
4.28	99.9	99.9	99.97142120218015	18.977349667533797	
4.3	99.9	99.9	99.97142120218015	18.977349667533797	
4.32	99.9	99.9	99.97142120218015	18.977349667533797	
4.34	99.9	99.9	99.97142120218015	18.977349667533797	
4.36	99.9	99.9	99.97142120218015	18.977349667533797	
4.38	99.9	99.9	99.97142120218015	18.977349667533797	
4.4	99.9	99.9	99.97142120218015	18.977349667533797	
4.42	99.9	99.9	99.97142120218015	18.977349667533797	
4.44	99.9	99.9	99.97142120218015	18.977349667533797	
4.46	99.9	99.9	99.97142120218015	18.977349667533797	
4.48	99.9	99.9	99.97142120218015	18.977349667533797	
4.5	99.9	99.9	99.97142120218015	18.977349667533797	
4.52	99.9	99.9	99.97142120218015	18.977349667533797	
4.54	99.9	99.9	99.97142120218015	18.977349667533797	
4.56	99.9	99.9	99.97142120218015	18.977349667533797	
4.58	99.9	99.9	99.97142120218015	18.977349667533797	
4.6	99.9	99.9	99.97142120218015	18.977349667533797	
4.62	99.9	99.9	99.97142120218015	18.977349667533797	
4.64	99.9	99.9	99.97142120218015	18.977349667533797	
4.66	99.9	99.9	99.97142120218015	18.977349667533797	
4.68	99.9	99.9	99.97142120218015	18.977349667533797	
4.7	99.9	99.9	99.97142120218015	18.977349667533797	
4.72	99.9	99.9	99.97142120218015	18.977349667533797	
4.74	99.9	99.9	99.97142120218015	18.977349667533797	
4.76	99.9	99.9	99.97142120218015	18.977349667533797	
4.78	99.9	99.9	99.97142120218015	18.977349667533797	
4.8	99.9	99.9	99.97142120218015	18.977349667533797	
4.82	99.9	99.9	99.97142120218015	18.977349667533797	
4.84	99.9	99.9	99.97142120218015	18.977349667533797	
4.86	99.9	99.9	99.97142120218015	18.977349667533797	
4.88	99.9	99.9	99.97142120218015	18.977349667533797	
4.9	99.9	99.9	99.97142120218015	18.977349667533797	
4.92	99.9	99.9	99.97142120218015	18.977349667533797	
4.94	99.9	99.9	99.97142120218015	18.977349667533797	
4.96	99.9	99.9	99.97142120218015	18.977349667533797	
4.98	99.9	99.9	99.97142120218015	18.977349667533797	
5	99.9	99.9	99.97142120218015	18.977349667533797	
5.02	99.9	99.9	99.97142120218015	18.977349667533797	
5.04	99.9	99.9	99.97142120218015	18.977349667533797	
5.06	99.9	99.9	99.97142120218015	18.977349667533797	
5.08	99.9	99.9	99.97142120218015	18.977349667533797	
5.1	99.9	99.9	99.97142120218015	18.977349667533797	
5.12	99.9	99.9	99.97142120218015	18.977349667533797	
5.14	99.9	99.9	99.97142120218015	18.977349667533797	
5.16	99.9	99.9	99.97142120218015	18.977349667533797	
5.18	99.9	99.9	99.97142120218015	18.977349667533797	
5.2	99.9	99.9	99.97142120218015	18.977349667533797	
5.22	99.9	99.9	99.97142120218015	18.977349667533797	
5.24	99.9	99.9	99.97142120218015	18.977349667533797	
5.26	99.9	99.9	99.97142120218015	18.977349667533797	
5.28	99.9	99.9	99.97142120218015	18.977349667533797	
5.3	99.9	99.9	99.97142120218015	18.977349667533797	
5.32	99.9	99.9	99.97142120218015	18.977349667533797	
5.34	99.9	99.9	99.97142120218015	18.977349667533797	
5.36	99.9	99.9	99.97142120218015	18.977349667533797	
5.38	99.9	99.9	99.97142120218015	18.977349667533797	
5.4	99.9	99.9	99.97142120218015	18.977349667533797	
5.42	99.9	99.9	99.97142120218015	18.977349667533797	
5.44	99.9	99.9	99.97142120218015	18.977349667533797	
5.46	99.9	99.9	99.97142120218015	18.977349667533797	
5.48	99.9	99.9	99.97142120218015	18.977349667533797	
5.5	99.9	99.9	99.97142120218015	18.977349667533797	
5.52	99.9	99.9	99.97142120218015	18.977349667533797	
5.54	99.9	99.9	99.97142120218015	18.977349667533797	
5.56	99.9	99.9	99.97142120218015	18.977349667533797	
5.58	99.9	99.9	99.97142120218015	18.977349667533797	
5.6	99.9	99.9	99.97142120218015	18.977349667533797	
5.62	99.9	99.9	99.97142120218015	18.977349667533797	
5.64	99.9	99.9	99.97142120218015	18.977349667533797	
5.66	99.9	99.9	99.97142120218015	18.977349667533797	
5.68	99.9	99.9	99.97142120218015	18.977349667533797	
5.7	99.9	99.9	99.97142120218015	18.977349667533797	
5.72	99.9	99.9	99.97142120218015	18.977349667533797	
5.74	99.9	99.9	99.97142120218015	18.977349667533797	
5.76	99.9	99.9	99.97142120218015	18.977349667533797	
5.78	99.9	99.9	99.97142120218015	18.977349667533797	
5.8	99.9	99.9	99.97142120218015	18.977349667533797	
5.82	99.9	99.9	99.97142120218015	18.977349667533797	
5.84	99.9	99.9	99.97142120218015	18.977349667533797	
5.86	99.9	99.9	99.97142120218015	18.977349667533797	
5.88	99.9	99.9	99.97142120218015	18.977349667533797	
5.9	99.9	99.9	99.97142120218015	18.977349667533797	
5.92	99.9	99.9	99.97142120218015	18.977349667533797	
5.94	99.9	99.9	99.97142120218015	18.977349667533797	
5.96	99.9	99.9	99.97142120218015	18.977349667533797	
5.98	99.9	99.9	99.97142120218015	18.977349667533797	
6	99.9	99.9	99.97142120218015	18.977349667533797	
6.02	99.9	99.9	99.97142120218015	18.977349667533797	
6.04	99.9	99.9	99.97142120218015	18.977349667533797	
6.06	99.9	99.9	99.97142120218015	18.977349667533797	
6.08	99.9	99.9	99.97142120218015	18.977349667533797	
6.1	99.9	99.9	99.97142120218015	18.977349667533797	
6.12	99.9	99.9	99.97142120218015	18.977349667533797	
6.14	99.9	99.9	99.97142120218015	18.977349667533797	
6.16	99.9	99.9	99.97142120218015	18.977349667533797	
6.18	99.9	99.9	99.97142120218015	18.977349667533797	
6.2	99.9	99.9	99.97142120218015	18.977349667533797	
6.22	99.9	99.9	99.97142120218015	18.977349667533797	
6.24	99.9	99.9	99.97142120218015	18.977349667533797	
6.26	99.9	99.9	99.97142120218015	18.977349667533797	
6.28	99.9	99.9	99.97142120218015	18.977349667533797	
6.3	99.9	99.9	99.97142120218015	18.977349667533797	
6.32	99.9	99.9	99.97142120218015	18.977349667533797	
6.34	99.9	99.9	99.97142120218015	18.977349667533797	
6.36	99.9	99.9	99.97142120218015	18.977349667533797	
6.38	99.9	99.9	99.97142120218015	18.977349667533797	
6.4	99.9	99.9	99.97142120218015	18.977349667533797	
6.42	99.9	99.9	99.97142120218015	18.977349667533797	
6.44	99.9	99.9	99.97142120218015	18.977349667533797	
6.46	99.9	99.9	99.97142120218015	18.977349667533797	
6.48	99.9	99.9	99.97142120218015	18.977349667533797	
6.5	99.9	99.9	99.97142120218015	18.977349667533797	
6.52	99.9	99.9	99.97142120218015	18.977349667533797	
6.54	99.9	99.9	99.97142120218015	18.977349667533797	
6.56	99.9	99.9	99.97142120218015	18.977349667533797	
6.58	99.9	99.9	99.97142120218015	18.977349667533797	
6.6	99.9	99.9	99.97142120218015	18.977349667533797	
6.62	99.9	99.9	99.97142120218015	18.977349667533797	
6.64	99.9	99.9	99.97142120218015	18.977349667533797	
6.66	99.9	99.9	99.97142120218015	18.977349667533797	
6.68	99.9	99.9	99.97142120218015	18.977349667533797	
6.7	99.9	99.9	99.97142120218015	18.977349667533797	
6.72	99.9	99.9	99.97142120218015	18.977349667533797	
6.74	99.9	99.9	99.97142120218015	18.977349667533797	
6.76	99.9	99.9	99.97142120218015	18.977349667533797	
6.78	99.9	99.9	99.97142120218015	18.977349667533797	
6.8	99.9	99.9	99.97142120218015	18.977349667533797	
6.82	99.9	99.9	99.97142120218015	18.977349667533797	
6.84	99.9	99.9	99.97142120218015	18.977349667533797	
6.86	99.9	99.9	99.97142120218015	18.977349667533797	
6.88	99.9	99.9	99.97142120218015	18.977349667533797	
6.9	99.9	99.9	99.97142120218015	18.977349667533797	
6.92	99.9	99.9	99.97142120218015	18.977349667533797	
6.94	99.9	99.9	99.97142120218015	18.977349667533797	
6.96	99.9	99.9	99.97142120218015	18.977349667533797	
6.98	99.9	99.9	99.97142120218015	18.977349667533797	
7	99.9	99.9	99.97142120218015	18.977349667533797	
7.02	99.9	99.9	99.97142120218015	18.977349667533797	
7.04	99.9	99.9	99.97142120218015	18.977349667533797	
7.06	99.9	99.9	99.97142120218015	18.977349667533797	
7.08	99.9	99.9	99.97142120218015	18.977349667533797	
7.1	99.9	99.9	99.97142120218015	18.977349667533797	
7.12	99.9	99.9	99.97142120218015	18.977349667533797	
7.14	99.9	99.9	99.97142120218015	18.977349667533797	
7.16	99.9	99.9	99.97142120218015	18.977349667533797	
7.18	99.9	99.9	99.97142120218015	18.977349667533797	
7.2	99.9	99.9	99.97142120218015	18.977349667533797	
7.22	99.9	99.9	99.97142120218015	18.977349667533797	
7.24	99.9	99.9	99.97142120218015	18.977349667533797	
7.26	99.9	99.9	99.97142120218015	18.977349667533797	
7.28	99.9	99.9	99.97142120218015	18.977349667533797	
7.3	99.9	99.9	99.97142120218015	18.977349667533797	
7.32	99.9	99.9	99.97142120218015	18.977349667533797	
7.34	99.9	99.9	99.97142120218015	18.977349667533797	
7.36	99.9	99.9	99.97142120218015	18.977349667533797	
7.38	99.9	99.9	99.97142120218015	18.977349667533797	
7.4	99.9	99.9	99.97142120218015	18.977349667533797	
7.42	99.9	99.9	99.97142120218015	18.977349667533797	
7.44	99.9	99.9	99.97142120218015	18.977349667533797	
7.46	99.9	99.9	99.97142120218015	18.977349667533797	
7.48	99.9	99.9	99.97142120218015	18.977349667533797	
7.5	99.9	99.9	99.97142120218015	18.977349667533797	
7.52	99.9	99.9	99.97142120218015	18.977349667533797	
7.54	99.9	99.9	99.97142120218015	18.977349667533797	
7.56	99.9	99.9	99.97142120218015	18.977349667533797	
7.58	99.9	99.9	99.97142120218015	18.977349667533797	
7.6	99.9	99.9	99.97142120218015	18.977349667533797	
7.62	99.9	99.9	99.97142120218015	18.977349667533797	
7.64	99.9	99.9	99.97142120218015	18.977349667533797	
7.66	99.9	99.9	99.97142120218015	18.977349667533797	
7.68	99.9	99.9	99.97142120218015	18.977349667533797	
7.7	99.9	99.9	99.97142120218015	18.977349667533797	
7.72	99.9	99.9	99.97142120218015	18.977349667533797	
7.74	99.9	99.9	99.97142120218015	18.977349667533797	
7.76	99.9	99.9	99.97142120218015	18.977349667533797	
7.78	99.9	99.9	99.97142120218015	18.977349667533797	
7.8	99.9	99.9	99.97142120218015	18.977349667533797	
7.82	99.9	99.9	99.97142120218015	18.977349667533797	
7.84	99.9	99.9	99.97142120218015	18.977349667533797	
7.86	99.9	99.9	99.97142120218015	18.977349667533797	
7.88	99.9	99.9	99.97142120218015	18.977349667533797	
7.9	99.9	99.9	99.97142120218015	18.977349667533797	
7.92	99.9	99.9	99.97142120218015	18.977349667533797	
7.94	99.9	99.9	99.97142120218015	18.977349667533797	
7.96	99.9	99.9	99.97142120218015	18.977349667533797	
7.98	99.9	99.9	99.97142120218015	18.977349667533797	
8	99.9	99.9	99.97142120218015	18.977349667533797	
8.02	99.9	99.9	99.97142120218015	18.977349667533797	
8.04	99.9	99.9	99.97142120218015	18.977349667533797	
8.06	99.9	99.9	99.97142120218015	18.977349667533797	
8.08	99.9	99.9	99.97142120218015	18.977349667533797	
8.1	99.9	99.9	99.97142120218015	18.977349667533797	
8.12	99.9	99.9	99.97142120218015	18.977349667533797	
8.14	99.9	99.9	99.97142120218015	18.977349667533797	
8.16	99.9	99.9	99.97142120218015	18.977349667533797	
8.18	99.9	99.9	99.97142120218015	18.977349667533797	
8.2	99.9	99.9	99.97142120218015	18.977349667533797	
8.22	99.9	99.9	99.97142120218015	18.977349667533797	
8.24	99.9	99.9	99.97142120218015	18.977349667533797	
8.26	99.9	99.9	99.97142120218015	18.977349667533797	
8.28	99.9	99.9	99.97142120218015	18.977349667533797	
8.3	99.9	99.9	99.97142120218015	18.977349667533797	
8.32	99.9	99.9	99.97142120218015	18.977349667533797	
8.34	99.9	99.9	99.97142120218015	18.977349667533797	
8.36	99.9	99.9	99.97142120218015	18.977349667533797	
8.38	99.9	99.9	99.97142120218015	18.977349667533797	
8.4	99.9	99.9	99.97142120218015	18.977349667533797	
8.42	99.9	99.9	99.97142120218015	18.977349667533797	
8.44	99.9	99.9	99.97142120218015	18.977349667533797	
8.46	99.9	99.9	99.97142120218015	18.977349667533797	
8.48	99.9	99.9	99.97142120218015	18.977349667533797	
8.5	99.9	99.9	99.97142120218015	18.977349667533797	
8.52	99.9	99.9	99.97142120218015	18.977349667533797	
8.54	99.9	99.9	99.97142120218015	18.977349667533797	
8.56	99.9	99.9	99.97142120218015	18.977349667533797	
8.58	99.9	99.9	99.97142120218015	18.977349667533797	
8.6	99.9	99.9	99.97142120218015	18.977349667533797	
8.62	99.9	99.9	99.97142120218015	18.977349667533797	
8.64	99.9	99.9	99.97142120218015	18.977349667533797	
8.66	99.9	99.9	99.97142120218015	18.977349667533797	
8.68	99.9	99.9	99.97142120218015	18.977349667533797	
8.7	99.9	99.9	99.97142120218015	18.977349667533797	
8.72	99.9	99.9	99.97142120218015	18.977349667533797	
8.74	99.9	99.9	99.97142120218015	18.977349667533797	
8.76	99.9	99.9	99.97142120218015	18.977349667533797	
8.78	99.9	99.9	99.97142120218015	18.977349667533797	
8.8	99.9	99.9	99.97142120218015	18.977349667533797	
8.82	99.9	99.9	99.97142120218015	18.977349667533797	
8.84	99.9	99.9	99.97142120218015	18.977349667533797	
8.86	99.9	99.9	99.97142120218015	18.977349667533797	
8.88	99.9	99.9	99.97142120218015	18.977349667533797	
8.9	99.9	99.9	99.97142120218015	18.977349667533797	
8.92	99.9	99.9	99.97142120218015	18.977349667533797	
8.94	99.9	99.9	99.97142120218015	18.977349667533797	
8.96	99.9	99.9	99.97142120218015	18.977349667533797	
8.98	99.9	99.9	99.97142120218015	18.977349667533797	
9	99.9	99.9	99.97142120218015	18.977349667533797	
9.02	99.9	99.9	99.97142120218015	18.977349667533797	
9.04	99.9	99.9	99.97142120218015	18.977349667533797	
9.06	99.9	99.9	99.97142120218015	18.977349667533797	
9.08	99.9	99.9	99.97142120218015	18.977349667533797	
9.1	99.9	99.9	99.97142120218015	18.977349667533797	
9.12	99.9	99.9	99.97142120218015	18.977349667533797	
9.14	99.9	99.9	99.97142120218015	18.977349667533797	
9.16	99.9	99.9	99.97142120218015	18.977349667533797	
9.18	99.9	99.9	99.97142120218015	18.977349667533797	
9.2	99.9	99.9	99.97142120218015	18.977349667533797	
9.22	99.9	99.9	99.97142120218015	18.977349667533797	
9.24	99.9	99.9	99.97142120218015	18.977349667533797	
9.26	99.9	99.9	99.97142120218015	18.977349667533797	
9.28	99.9	99.9	99.97142120218015	18.977349667533797	
9.3	99.9	99.9	99.97142120218015	18.977349667533797	
9.32	99.9	99.9	99.97142120218015	18.977349667533797	
9.34	99.9	99.9	99.97142120218015	18.977349667533797	
9.36	99.9	99.9	99.97142120218015	18.977349667533797	
9.38	99.9	99.9	99.97142120218015	18.977349667533797	
9.4	99.9	99.9	99.97142120218015	18.977349667533797	
9.42	99.9	99.9	99.97142120218015	18.977349667533797	
9.44	99.9	99.9	99.97142120218015	18.977349667533797	
9.46	99.9	99.9	99.97142120218015	18.977349667533797	
9.48	99.9	99.9	99.97142120218015	18.977349667533797	
9.5	99.9	99.9	99.97142120218015	18.977349667533797	
9.52	99.9	99.9	99.97142120218015	18.977349667533797	
9.54	99.9	99.9	99.97142120218015	18.977349667533797	
9.56	99.9	99.9	99.97142120218015	18.977349667533797	
9.58	99.9	99.9	99.97142120218015	18.977349667533797	
9.6	99.9	99.9	99.97142120218015	18.977349667533797	
9.62	99.9	99.9	99.97142120218015	18.977349667533797	
9.64	99.9	99.9	99.97142120218015	18.977349667533797	
9.66	99.9	99.9	99.97142120218015	18.977349667533797	
9.68	99.9	99.9	99.97142120218015	18.977349667533797	
9.7	99.9	99.9	99.97142120218015	18.977349667533797	
9.72	99.9	99.9	99.97142120218015	18.977349667533797	
9.74	99.9	99.9	99.97142120218015	18.977349667533797	
9.76	99.9	99.9	99.97142120218015	18.977349667533797	
9.78	99.9	99.9	99.97142120218015	18.977349667533797	
9.8	99.9	99.9	99.97142120218015	18.977349667533797	
9.82	99.9	99.9	99.97142120218015	18.977349667533797	
9.84	99.9	99.9	99.97142120218015	18.977349667533797	
9.86	99.9	99.9	99.97142120218015	18.977349667533797	
9.88	99.9	99.9	99.97142120218015	18.977349667533797	
9.9	99.9	99.9	99.97142120218015	18.977349667533797	
9.92	99.9	99.9	99.97142120218015	18.977349667533797	
9.94	99.9	99.9	99.97142120218015	18.977349667533797	
9.96	99.9	99.9	99.97142120218015	18.977349667533797	
9.98	99.9	99.9	99.97142120218015	18.977349667533797	
10	0.1	99.6195	99.86144322732959	15.306151889199178	
10.02	99.9	98.8303	99.47786800805565	12.220941978883433	
10.04	99.9	97.9108	98.96399700889458	10.62744222090133	
10.06	99.9	97.1747	98.52016382431388	9.798229759169448	
10.08	99.9	96.5982	98.15719174758961	9.288091985412759	
10.1	99.9	96.1598	97.87347374566143	8.955070707174213	
10.12	99.9	95.8402	97.66286129194374	8.73544832360914	
10.14	99.9	95.6222	97.51749443038686	8.595120524426308	
10.16	99.9	95.4905	97.42903167567152	8.513692042210085	
10.18	99.9	95.4314	97.38918090209815	8.477921356451814	
10.2	99.9	95.4329	97.39019350472074	8.478823504980756	
10.22	99.9	95.4844	97.42492284278252	8.509978345007793	
10.24	99.9	95.5765	97.48685171534794	8.566590516612061	
10.26	99.9	95.7011	97.57026170667227	8.64508519221987	
10.28	99.9	95.8511	97.67009402359285	8.742656448134964	
10.3	99.9	96.0203	97.78192082591653	8.857043259387769	
10.32	99.9	96.2035	97.90203095303653	8.986512627244345	
10.34	99.9	96.3962	98.02723919475356	9.129619070542608	
10.36	99.9	96.5945	98.15482374061577	9.285105533760584	
10.38	99.9	96.7952	98.28258707384985	9.4519793957656	
10.4	99.9	96.9956	98.4087192961075	9.62937446472079	
10.42	99.9	97.1935	98.5317893189916	9.816571512604328	
10.44	99.9	97.3872	98.65073285596702	10.013043249324255	
10.46	99.9	97.5752	98.76465718997696	10.21818994293032	
10.48	99.9	97.7564	98.87295558422761	10.431561723450672	
10.5	99.9	97.93	98.97523494060373	10.652806534919833	
10.52	99.9	98.0953	99.07118973610251	10.881444148697025	
10.54	99.9	98.2519	99.16071259289411	11.117144786134872	
10.56	99.9	98.3996	99.24382619247706	11.359660956008662	
10.58	99.9	98.5383	99.3206199897211	11.608708912293931	
10.6	99.9	98.668	99.3912460334044	11.863979708433787	
10.62	99.9	98.7888	99.45591457780621	12.125160940349012	
10.64	99.9	98.9009	99.51488951920436	12.391973963998304	
10.66	99.9	99.0046	99.56848369747513	12.664232963037842	
10.68	99.9	99.1002	99.61700382439874	12.941628979569101	
10.7	99.9	99.188	99.6607502899941	13.223695397825647	
10.72	99.9	99.2684	99.70006536432928	13.510141616630541	
10.74	99.9	99.3418	99.73528082219019	13.800595133134568	
10.76	99.9	99.4086	99.76671770491646	14.094595762505284	
10.78	99.9	99.4692	99.79468608344615	14.391593853055461	
10.8	99.9	99.524	99.8194848286736	14.69095497455727	
10.82	99.9	99.5734	99.84140139717319	14.991974337728152	
10.84	99.9	99.6178	99.8607116423978	15.293905036165054	
10.86	99.9	99.6576	99.87767966331137	15.596005001930394	
10.88	99.9	99.6932	99.89255770353762	15.897608229332697	
10.9	99.9	99.7249	99.90554555495251	16.197227464394892	
10.92	99.9	99.753	99.91683430847793	16.493233869072203	
10.94	99.9	99.7778	99.92660623189057	16.783921944408142	
10.96	99.9	99.7996	99.93503471182984	17.067610153185566	
10.98	99.9	99.8187	99.94228428114175	17.34278117365227	
11	99.9	99.8354	99.94851075088008	17.608261474524923	
11.02	99.9	99.8499	99.95382512134472	17.861603643766266	
11.04	99.9	99.8624	99.95833259042678	18.100479504041143	
11.06	99.9	99.8731	99.96213263349797	18.322873874312425	
11.08	99.9	99.8822	99.96531919123778	18.52729998283683	
11.1	99.9	99.8899	99.96798097549025	18.713012146267992	
11.12	99.9	99.8964	99.97020188979232	18.88018718446378	
11.14	99.9	99.9	99.97142120218015	18.977349667533797	
11.16	99.9	99.9	99.97142120218015	18.977349667533797	
11.18	99.9	99.9	99.97142120218015	18.977349667533797	
11.2	99.9	99.9	99.97142120218015	18.977349667533797	
11.22	99.9	99.9	99.97142120218015	18.977349667533797	
11.24	99.9	99.9	99.97142120218015	18.977349667533797	
11.26	99.9	99.9	99.97142120218015	18.977349667533797	
11.28	99.9	99.9	99.97142120218015	18.977349667533797	
11.3	99.9	99.9	99.97142120218015	18.977349667533797	
11.32	99.9	99.9	99.97142120218015	18.977349667533797	
11.34	99.9	99.9	99.97142120218015	18.977349667533797	
11.36	99.9	99.9	99.97142120218015	18.977349667533797	
11.38	99.9	99.9	99.97142120218015	18.977349667533797	
11.4	99.9	99.9	99.97142120218015	18.977349667533797	
11.42	99.9	99.9	99.97142120218015	18.977349667533797	
11.44	99.9	99.9	99.97142120218015	18.977349667533797	
11.46	99.9	99.9	99.97142120218015	18.977349667533797	
11.48	99.9	99.9	99.97142120218015	18.977349667533797	
11.5	99.9	99.9	99.97142120218015	18.977349667533797	
11.52	99.9	99.9	99.97142120218015	18.977349667533797	
11.54	99.9	99.9	99.97142120218015	18.977349667533797	
11.56	99.9	99.9	99.97142120218015	18.977349667533797	
11.58	99.9	99.9	99.97142120218015	18.977349667533797	
11.6	99.9	99.9	99.97142120218015	18.977349667533797	
11.62	99.9	99.9	99.97142120218015	18.977349667533797	
11.64	99.9	99.9	99.97142120218015	18.977349667533797	
11.66	99.9	99.9	99.97142120218015	18.977349667533797	
11.68	99.9	99.9	99.97142120218015	18.977349667533797	
11.7	99.9	99.9	99.97142120218015	18.977349667533797	
11.72	99.9	99.9	99.97142120218015	18.977349667533797	
11.74	99.9	99.9	99.97142120218015	18.977349667533797	
11.76	99.9	99.9	99.97142120218015	18.977349667533797	
11.78	99.9	99.9	99.97142120218015	18.977349667533797	
11.8	99.9	99.9	99.97142120218015	18.977349667533797	
11.82	99.9	99.9	99.97142120218015	18.977349667533797	
11.84	99.9	99.9	99.97142120218015	18.977349667533797	
11.86	99.9	99.9	99.97142120218015	18.977349667533797	
11.88	99.9	99.9	99.97142120218015	18.977349667533797	
11.9	99.9	99.9	99.97142120218015	18.977349667533797	
11.92	99.9	99.9	99.97142120218015	18.977349667533797	
11.94	99.9	99.9	99.97142120218015	18.977349667533797	
11.96	99.9	99.9	99.97142120218015	18.977349667533797	
11.98	99.9	99.9	99.97142120218015	18.977349667533797	
12	99.9	99.9	99.97142120218015	18.977349667533797	
12.02	99.9	99.9	99.97142120218015	18.977349667533797	
12.04	99.9	99.9	99.97142120218015	18.977349667533797	
12.06	99.9	99.9	99.97142120218015	18.977349667533797	
12.08	99.9	99.9	99.97142120218015	18.977349667533797	
12.1	99.9	99.9	99.97142120218015	18.977349667533797	
12.12	99.9	99.9	99.97142120218015	18.977349667533797	
12.14	99.9	99.9	99.97142120218015	18.977349667533797	
12.16	99.9	99.9	99.97142120218015	18.977349667533797	
12.18	99.9	99.9	99.97142120218015	18.977349667533797	
12.2	99.9	99.9	99.97142120218015	18.977349667533797	
12.22	99.9	99.9	99.97142120218015	18.977349667533797	
12.24	99.9	99.9	99.97142120218015	18.977349667533797	
12.26	99.9	99.9	99.97142120218015	18.977349667533797	
12.28	99.9	99.9	99.97142120218015	18.977349667533797	
12.3	99.9	99.9	99.97142120218015	18.977349667533797	
12.32	99.9	99.9	99.97142120218015	18.977349667533797	
12.34	99.9	99.9	99.97142120218015	18.977349667533797	
12.36	99.9	99.9	99.97142120218015	18.977349667533797	
12.38	99.9	99.9	99.97142120218015	18.977349667533797	
12.4	99.9	99.9	99.97142120218015	18.977349667533797	
12.42	99.9	99.9	99.97142120218015	18.977349667533797	
12.44	99.9	99.9	99.97142120218015	18.977349667533797	
12.46	99.9	99.9	99.97142120218015	18.977349667533797	
12.48	99.9	99.9	99.97142120218015	18.977349667533797	
12.5	99.9	99.9	99.97142120218015	18.977349667533797	
12.52	99.9	99.9	99.97142120218015	18.977349667533797	
12.54	99.9	99.9	99.97142120218015	18.977349667533797	
12.56	99.9	99.9	99.97142120218015	18.977349667533797	
12.58	99.9	99.9	99.97142120218015	18.977349667533797	
12.6	99.9	99.9	99.97142120218015	18.977349667533797	
12.62	99.9	99.9	99.97142120218015	18.977349667533797	
12.64	99.9	99.9	99.97142120218015	18.977349667533797	
12.66	99.9	99.9	99.97142120218015	18.977349667533797	
12.68	99.9	99.9	99.97142120218015	18.977349667533797	
12.7	99.9	99.9	99.97142120218015	18.977349667533797	
12.72	99.9	99.9	99.97142120218015	18.977349667533797	
12.74	99.9	99.9	99.97142120218015	18.977349667533797	
12.76	99.9	99.9	99.97142120218015	18.977349667533797	
12.78	99.9	99.9	99.97142120218015	18.977349667533797	
12.8	99.9	99.9	99.97142120218015	18.977349667533797	
12.82	99.9	99.9	99.97142120218015	18.977349667533797	
12.84	99.9	99.9	99.97142120218015	18.977349667533797	
12.86	99.9	99.9	99.97142120218015	18.977349667533797	
12.88	99.9	99.9	99.97142120218015	18.977349667533797	
12.9	99.9	99.9	99.97142120218015	18.977349667533797	
12.92	99.9	99.9	99.97142120218015	18.977349667533797	
12.94	99.9	99.9	99.97142120218015	18.977349667533797	
12.96	99.9	99.9	99.97142120218015	18.977349667533797	
12.98	99.9	99.9	99.97142120218015	18.977349667533797	
13	99.9	99.9	99.97142120218015	18.977349667533797	
13.02	99.9	99.9	99.97142120218015	18.977349667533797	
13.04	99.9	99.9	99.97142120218015	18.977349667533797	
13.06	99.9	99.9	99.97142120218015	18.977349667533797	
13.08	99.9	99.9	99.97142120218015	18.977349667533797	
13.1	99.9	99.9	99.97142120218015	18.977349667533797	
13.12	99.9	99.9	99.97142120218015	18.977349667533797	
13.14	99.9	99.9	99.97142120218015	18.977349667533797	
13.16	99.9	99.9	99.97142120218015	18.977349667533797	
13.18	99.9	99.9	99.97142120218015	18.977349667533797	
13.2	99.9	99.9	99.97142120218015	18.977349667533797	
13.22	99.9	99.9	99.97142120218015	18.977349667533797	
13.24	99.9	99.9	99.97142120218015	18.977349667533797	
13.26	99.9	99.9	99.97142120218015	18.977349667533797	
13.28	99.9	99.9	99.97142120218015	18.977349667533797	
13.3	99.9	99.9	99.97142120218015	18.977349667533797	
13.32	99.9	99.9	99.97142120218015	18.977349667533797	
13.34	99.9	99.9	99.97142120218015	18.977349667533797	
13.36	99.9	99.9	99.97142120218015	18.977349667533797	
13.38	99.9	99.9	99.97142120218015	18.977349667533797	
13.4	99.9	99.9	99.97142120218015	18.977349667533797	
13.42	99.9	99.9	99.97142120218015	18.977349667533797	
13.44	99.9	99.9	99.97142120218015	18.977349667533797	
13.46	99.9	99.9	99.97142120218015	18.977349667533797	
13.48	99.9	99.9	99.97142120218015	18.977349667533797	
13.5	99.9	99.9	99.97142120218015	18.977349667533797	
13.52	99.9	99.9	99.97142120218015	18.977349667533797	
13.54	99.9	99.9	99.97142120218015	18.977349667533797	
13.56	99.9	99.9	99.97142120218015	18.977349667533797	
13.58	99.9	99.9	99.97142120218015	18.977349667533797	
13.6	99.9	99.9	99.97142120218015	18.977349667533797	
13.62	99.9	99.9	99.97142120218015	18.977349667533797	
13.64	99.9	99.9	99.97142120218015	18.977349667533797	
13.66	99.9	99.9	99.97142120218015	18.977349667533797	
13.68	99.9	99.9	99.97142120218015	18.977349667533797	
13.7	99.9	99.9	99.97142120218015	18.977349667533797	
13.72	99.9	99.9	99.97142120218015	18.977349667533797	
13.74	99.9	99.9	99.97142120218015	18.977349667533797	
13.76	99.9	99.9	99.97142120218015	18.977349667533797	
13.78	99.9	99.9	99.97142120218015	18.977349667533797	
13.8	99.9	99.9	99.97142120218015	18.977349667533797	
13.82	99.9	99.9	99.97142120218015	18.977349667533797	
13.84	99.9	99.9	99.97142120218015	18.977349667533797	
13.86	99.9	99.9	99.97142120218015	18.977349667533797	
13.88	99.9	99.9	99.97142120218015	18.977349667533797	
13.9	99.9	99.9	99.97142120218015	18.977349667533797	
13.92	99.9	99.9	99.97142120218015	18.977349667533797	
13.94	99.9	99.9	99.97142120218015	18.977349667533797	
13.96	99.9	99.9	99.97142120218015	18.977349667533797	
13.98	99.9	99.9	99.97142120218015	18.977349667533797	
14	99.9	99.9	99.97142120218015	18.977349667533797	
14.02	99.9	99.9	99.97142120218015	18.977349667533797	
14.04	99.9	99.9	99.97142120218015	18.977349667533797	
14.06	99.9	99.9	99.97142120218015	18.977349667533797	
14.08	99.9	99.9	99.97142120218015	18.977349667533797	
14.1	99.9	99.9	99.97142120218015	18.977349667533797	
14.12	99.9	99.9	99.97142120218015	18.977349667533797	
14.14	99.9	99.9	99.97142120218015	18.977349667533797	
14.16	99.9	99.9	99.97142120218015	18.977349667533797	
14.18	99.9	99.9	99.97142120218015	18.977349667533797	
14.2	99.9	99.9	99.97142120218015	18.977349667533797	
14.22	99.9	99.9	99.97142120218015	18.977349667533797	
14.24	99.9	99.9	99.97142120218015	18.977349667533797	
14.26	99.9	99.9	99.97142120218015	18.977349667533797	
14.28	99.9	99.9	99.97142120218015	18.977349667533797	
14.3	99.9	99.9	99.97142120218015	18.977349667533797	
14.32	99.9	99.9	99.97142120218015	18.977349667533797	
14.34	99.9	99.9	99.97142120218015	18.977349667533797	
14.36	99.9	99.9	99.97142120218015	18.977349667533797	
14.38	99.9	99.9	99.97142120218015	18.977349667533797	
14.4	99.9	99.9	99.97142120218015	18.977349667533797	
14.42	99.9	99.9	99.97142120218015	18.977349667533797	
14.44	99.9	99.9	99.97142120218015	18.977349667533797	
14.46	99.9	99.9	99.97142120218015	18.977349667533797	
14.48	99.9	99.9	99.97142120218015	18.977349667533797	
14.5	99.9	99.9	99.97142120218015	18.977349667533797	
14.52	99.9	99.9	99.97142120218015	18.977349667533797	
14.54	99.9	99.9	99.97142120218015	18.977349667533797	
14.56	99.9	99.9	99.97142120218015	18.977349667533797	
14.58	99.9	99.9	99.97142120218015	18.977349667533797	
14.6	99.9	99.9	99.97142120218015	18.977349667533797	
14.62	99.9	99.9	99.97142120218015	18.977349667533797	
14.64	99.9	99.9	99.97142120218015	18.977349667533797	
14.66	99.9	99.9	99.97142120218015	18.977349667533797	
14.68	99.9	99.9	99.97142120218015	18.977349667533797	
14.7	99.9	99.9	99.97142120218015	18.977349667533797	
14.72	99.9	99.9	99.97142120218015	18.977349667533797	
14.74	99.9	99.9	99.97142120218015	18.977349667533797	
14.76	99.9	99.9	99.97142120218015	18.977349667533797	
14.78	99.9	99.9	99.97142120218015	18.977349667533797	
14.8	99.9	99.9	99.97142120218015	18.977349667533797	
14.82	99.9	99.9	99.97142120218015	18.977349667533797	
14.84	99.9	99.9	99.97142120218015	18.977349667533797	
14.86	99.9	99.9	99.97142120218015	18.977349667533797	
14.88	99.9	99.9	99.97142120218015	18.977349667533797	
14.9	99.9	99.9	99.97142120218015	18.977349667533797	
14.92	99.9	99.9	99.97142120218015	18.977349667533797	
14.94	99.9	99.9	99.97142120218015	18.977349667533797	
14.96	99.9	99.9	99.97142120218015	18.977349667533797	
14.98	99.9	99.9	99.97142120218015	18.977349667533797	
15	99.9	99.9	99.97142120218015	18.977349667533797	
15.02	99.9	99.9	99.97142120218015	18.977349667533797	
15.04	99.9	99.9	99.97142120218015	18.977349667533797	
15.06	99.9	99.9	99.97142120218015	18.977349667533797	
15.08	99.9	99.9	99.97142120218015	18.977349667533797	
15.1	99.9	99.9	99.97142120218015	18.977349667533797	
15.12	99.9	99.9	99.97142120218015	18.977349667533797	
15.14	99.9	99.9	99.97142120218015	18.977349667533797	
15.16	99.9	99.9	99.97142120218015	18.977349667533797	
15.18	99.9	99.9	99.97142120218015	18.977349667533797	
15.2	99.9	99.9	99.97142120218015	18.977349667533797	
15.22	99.9	99.9	99.97142120218015	18.977349667533797	
15.24	99.9	99.9	99.97142120218015	18.977349667533797	
15.26	99.9	99.9	99.97142120218015	18.977349667533797	
15.28	99.9	99.9	99.97142120218015	18.977349667533797	
15.3	99.9	99.9	99.97142120218015	18.977349667533797	
15.32	99.9	99.9	99.97142120218015	18.977349667533797	
15.34	99.9	99.9	99.97142120218015	18.977349667533797	
15.36	99.9	99.9	99.97142120218015	18.977349667533797	
15.38	99.9	99.9	99.97142120218015	18.977349667533797	
15.4	99.9	99.9	99.97142120218015	18.977349667533797	
15.42	99.9	99.9	99.97142120218015	18.977349667533797	
15.44	99.9	99.9	99.97142120218015	18.977349667533797	
15.46	99.9	99.9	99.97142120218015	18.977349667533797	
15.48	99.9	99.9	99.97142120218015	18.977349667533797	
15.5	99.9	99.9	99.97142120218015	18.977349667533797	
15.52	99.9	99.9	99.97142120218015	18.977349667533797	
15.54	99.9	99.9	99.97142120218015	18.977349667533797	
15.56	99.9	99.9	99.97142120218015	18.977349667533797	
15.58	99.9	99.9	99.97142120218015	18.977349667533797	
15.6	99.9	99.9	99.97142120218015	18.977349667533797	
15.62	99.9	99.9	99.97142120218015	18.977349667533797	
15.64	99.9	99.9	99.97142120218015	18.977349667533797	
15.66	99.9	99.9	99.97142120218015	18.977349667533797	
15.68	99.9	99.9	99.97142120218015	18.977349667533797	
15.7	99.9	99.9	99.97142120218015	18.977349667533797	
15.72	99.9	99.9	99.97142120218015	18.977349667533797	
15.74	99.9	99.9	99.97142120218015	18.977349667533797	
15.76	99.9	99.9	99.97142120218015	18.977349667533797	
15.78	99.9	99.9	99.97142120218015	18.977349667533797	
15.8	99.9	99.9	99.97142120218015	18.977349667533797	
15.82	99.9	99.9	99.97142120218015	18.977349667533797	
15.84	99.9	99.9	99.97142120218015	18.977349667533797	
15.86	99.9	99.9	99.97142120218015	18.977349667533797	
15.88	99.9	99.9	99.97142120218015	18.977349667533797	
15.9	99.9	99.9	99.97142120218015	18.977349667533797	
15.92	99.9	99.9	99.97142120218015	18.977349667533797	
15.94	99.9	99.9	99.97142120218015	18.977349667533797	
15.96	99.9	99.9	99.97142120218015	18.977349667533797	
15.98	99.9	99.9	99.97142120218015	18.977349667533797	
16	99.9	99.9	99.97142120218015	18.977349667533797	
16.02	99.9	99.9	99.97142120218015	18.977349667533797	
16.04	99.9	99.9	99.97142120218015	18.977349667533797	
16.06	99.9	99.9	99.97142120218015	18.977349667533797	
16.08	99.9	99.9	99.97142120218015	18.977349667533797	
16.1	99.9	99.9	99.97142120218015	18.977349667533797	
16.12	99.9	99.9	99.97142120218015	18.977349667533797	
16.14	99.9	99.9	99.97142120218015	18.977349667533797	
16.16	99.9	99.9	99.97142120218015	18.977349667533797	
16.18	99.9	99.9	99.97142120218015	18.977349667533797	
16.2	99.9	99.9	99.97142120218015	18.977349667533797	
16.22	99.9	99.9	99.97142120218015	18.977349667533797	
16.24	99.9	99.9	99.97142120218015	18.977349667533797	
16.26	99.9	99.9	99.97142120218015	18.977349667533797	
16.28	99.9	99.9	99.97142120218015	18.977349667533797	
16.3	99.9	99.9	99.97142120218015	18.977349667533797	
16.32	99.9	99.9	99.97142120218015	18.977349667533797	
16.34	99.9	99.9	99.97142120218015	18.977349667533797	
16.36	99.9	99.9	99.97142120218015	18.977349667533797	
16.38	99.9	99.9	99.97142120218015	18.977349667533797	
16.4	99.9	99.9	99.97142120218015	18.977349667533797	
16.42	99.9	99.9	99.97142120218015	18.977349667533797	
16.44	99.9	99.9	99.97142120218015	18.977349667533797	
16.46	99.9	99.9	99.97142120218015	18.977349667533797	
16.48	99.9	99.9	99.97142120218015	18.977349667533797	
16.5	99.9	99.9	99.97142120218015	18.977349667533797	
16.52	99.9	99.9	99.97142120218015	18.977349667533797	
16.54	99.9	99.9	99.97142120218015	18.977349667533797	
16.56	99.9	99.9	99.97142120218015	18.977349667533797	
16.58	99.9	99.9	99.97142120218015	18.977349667533797	
16.6	99.9	99.9	99.97142120218015	18.977349667533797	
16.62	99.9	99.9	99.97142120218015	18.977349667533797	
16.64	99.9	99.9	99.97142120218015	18.977349667533797	
16.66	99.9	99.9	99.97142120218015	18.977349667533797	
16.68	99.9	99.9	99.97142120218015	18.977349667533797	
16.7	99.9	99.9	99.97142120218015	18.977349667533797	
16.72	99.9	99.9	99.97142120218015	18.977349667533797	
16.74	99.9	99.9	99.97142120218015	18.977349667533797	
16.76	99.9	99.9	99.97142120218015	18.977349667533797	
16.78	99.9	99.9	99.97142120218015	18.977349667533797	
16.8	99.9	99.9	99.97142120218015	18.977349667533797	
16.82	99.9	99.9	99.97142120218015	18.977349667533797	
16.84	99.9	99.9	99.97142120218015	18.977349667533797	
16.86	99.9	99.9	99.97142120218015	18.977349667533797	
16.88	99.9	99.9	99.97142120218015	18.977349667533797	
16.9	99.9	99.9	99.97142120218015	18.977349667533797	
16.92	99.9	99.9	99.97142120218015	18.977349667533797	
16.94	99.9	99.9	99.97142120218015	18.977349667533797	
16.96	99.9	99.9	99.97142120218015	18.977349667533797	
16.98	99.9	99.9	99.97142120218015	18.977349667533797	
17	99.9	99.9	99.97142120218015	18.977349667533797	
17.02	99.9	99.9	99.97142120218015	18.977349667533797	
17.04	99.9	99.9	99.97142120218015	18.977349667533797	
17.06	99.9	99.9	99.97142120218015	18.977349667533797	
17.08	99.9	99.9	99.97142120218015	18.977349667533797	
17.1	99.9	99.9	99.97142120218015	18.977349667533797	
17.12	99.9	99.9	99.97142120218015	18.977349667533797	
17.14	99.9	99.9	99.97142120218015	18.977349667533797	
17.16	99.9	99.9	99.97142120218015	18.977349667533797	
17.18	99.9	99.9	99.97142120218015	18.977349667533797	
17.2	99.9	99.9	99.97142120218015	18.977349667533797	
17.22	99.9	99.9	99.97142120218015	18.977349667533797	
17.24	99.9	99.9	99.97142120218015	18.977349667533797	
17.26	94.5	99.8848	99.96622161218419	18.588614606340826	
